version: 1
creator: callgrind-3.7.0
pid: 28031
cmd:  /home/emilio/GIT/kitteneitor/kitteneitor
part: 1


desc: I1 cache: 
desc: D1 cache: 
desc: LL cache: 

desc: Timerange: Basic block 0 - 43598
desc: Trigger: Program termination

positions: line
events: Ir
summary: 196928


ob=(3) /lib/x86_64-linux-gnu/libc-2.15.so
fl=(77) /build/buildd/eglibc-2.15/misc/../sysdeps/unix/sysv/linux/getpagesize.c
fn=(330) getpagesize
30 12
+1 48
+2 24

fl=(58) /build/buildd/eglibc-2.15/stdlib/bsearch.c
fn=(248) bsearch
27 130
+7 13
-7 13
+20 13
-13 52
+7 26
+1 23
-8 46
+2 87
+2 87
-2 87
+1 348
+1 174
cfi=(57) /build/buildd/eglibc-2.15/string/../sysdeps/x86_64/multiarch/../cacheinfo.c
cfn=(250) intel_02_known_compare
calls=87 152 
* 603
+1 174
+1 61
-6 122
+13 10
+1 117

fl=(98) /build/buildd/eglibc-2.15/libio/fileops.c
fn=(396) _IO_file_xsputn@@GLIBC_2.2.5
1309 18
+7 9
-7 45
+6 9
-6 18
+6 9
+7 36
+17 45
+32 4
cfn=(398) _IO_file_overflow@@GLIBC_2.2.5
calls=1 850 
* 155
* 2
+7 2
+1 6
+2 3
+11 2
+1 4
cfi=(99) /build/buildd/eglibc-2.15/libio/genops.c
cfn=(410) _IO_default_xsputn
calls=1 452 
* 71
* 2
-53 16
+3 48
+4 16
-42 4
+56 4
-56 24
+57 1
-57 4
+57 1
-57 9
+57 12
-1 8
+1 51
-1 34
-56 8
+58 4
-58 4
+58 4
+2 12
+2 12
-2 12
+2 12
+28 18
+1 63
-46 8
+5 4
-5 4
cfi=(88) /build/buildd/eglibc-2.15/string/../sysdeps/x86_64/memcpy.S
cfn=(362) __GI_mempcpy
calls=4 62 
* 157
* 8
+9 3
-54 6

fn=(398)
850 4
+1 1
-1 1
+1 2
+7 2
+35 2
-32 2
+12 2
+9 4
+5 2
+2 1
+1 1
-4 1
+4 1
-6 1
+1 1
+4 1
+1 4
+4 1
+1 1
+11 3
-12 1
cfn=(408) _IO_do_write@@GLIBC_2.2.5
calls=1 516 
* 7
-31 2
cfi=(99)
cfn=(400) _IO_doallocbuf
calls=1 419 
* 101
+1 6

fn=(440) _IO_file_read
1221 1
+3 1
-1 1
+1 1
+1 1
-1 1
cfi=(90) /build/buildd/eglibc-2.15/io/../sysdeps/unix/syscall-template.S
cfn=(442) read
calls=1 82 
* 2

fn=(404) _IO_file_stat
1246 2
+2 6
cfi=(91) /build/buildd/eglibc-2.15/io/../sysdeps/unix/sysv/linux/wordsize-64/fxstat.c
cfn=(376) _fxstat
calls=2 37 
* 20

fn=(408)
516 2
-2 2
+2 1
+1 2

fn=(436) _IO_file_underflow@@GLIBC_2.2.5
558 4
+8 3
+6 3
+3 2
+13 2
+20 2
cfi=(99)
cfn=(438) _IO_switch_to_get_mode
calls=1 188 
* 20
+6 1
+5 4
-5 2
+1 1
+2 1
-1 2
+3 1
cfn=(440)
calls=1 1221 
* 8
-41 3
+5 2
cfi=(99)
cfn=(400)
calls=1 419 
* 101
* 2

fl=(40) /build/buildd/eglibc-2.15/time/../sysdeps/unix/sysv/linux/x86_64/time.c
fn=(166) time
29 1
-1 1
fi=(41) /build/buildd/eglibc-2.15/time/../sysdeps/generic/dl-hash.h
+17 1
fe=(40)
-16 2
fi=(41)
+17 1
fe=(40)
-17 1
fi=(41)
+15 1
+5 4
+1 2
+13 2
-17 3
+3 12
+1 6
+13 6
-17 9
+22 1
fe=(40)
-39 2
+3 2
-3 1
+3 1
cfi=(42) /build/buildd/eglibc-2.15/elf/../sysdeps/unix/sysv/linux/dl-vdso.c
cfn=(170) _dl_vdso_vsym
calls=1 -5 
* 12
* 3
+1 2

fl=(79) /build/buildd/eglibc-2.15/intl/../intl/l10nflist.c
fn=(334) _nl_normalize_codeset
340 1
+12 1
-12 4
+12 3
-10 1
-1 1
+17 2
-5 20
+4 4
-2 4
+2 4
+1 8
-6 15
+9 5
cfi=(80) /build/buildd/eglibc-2.15/malloc/malloc.c
cfn=(342) malloc
calls=1 2910 
* 58960
cob=(1) /lib/x86_64-linux-gnu/ld-2.15.so
cfi=(60) /build/buildd/eglibc-2.15/elf/../sysdeps/x86_64/dl-trampoline.S
cfn=(262) _dl_runtime_resolve
calls=1 31 
* 625
+2 2
+3 3
+3 3
+2 12
-2 12
+1 20
+2 8
-3 1
+4 2
-4 2
+6 1
+4 4

fl=(83) /build/buildd/eglibc-2.15/elf/dl-addr.c
fn=(350) _dl_addr
127 3
+2 1
-2 6
+5 1
-5 2
+5 2
cob=(1)
cfi=(2) /build/buildd/eglibc-2.15/elf/rtld.c
cfn=(48) rtld_lock_default_lock_recursive
calls=1 844 
* 2
+3 5
+1 4
+1 15
+1 2
31 1
+1 1
-1 1
+4 2
+5 1
+6 1
-7 1
+2 3
+2 3
+3 1
+5 7
+2 1
+1 2
-1 1010
+1 2020
+2 4890
+6 10905
+2 8724
+1 15883
+7 2181
-2 2181
+2 7554
-21 2022
+49 2
+1 2
+1 2
+3 2
+41 2
cob=(1)
cfi=(2)
cfn=(50) rtld_lock_default_unlock_recursive
calls=1 850 
* 2
+3 9
-13 6
-19 1
+1 1
+23 2

fl=(99)
fn=(406) _IO_setb
404 8
+1 2
-1 2
+1 6
+3 2
+2 8
-3 2
+3 2
+3 2
-1 2
+1 6

fn=(438)
188 2
-1 2
+1 1
+3 3
+5 1
-1 2
+1 1
+7 1
-4 1
+2 2
+2 1
+1 1
+1 2

fn=(400)
419 2
+1 2
-1 2
+1 2
+6 4
-4 4
+1 6
cfi=(100) /build/buildd/eglibc-2.15/libio/filedoalloc.c
cfn=(402) _IO_file_doallocate
calls=2 99 
* 176
* 4

fn=(410)
452 1
+4 1
-1 1
-3 6
+3 4
+5 4
+2 3
+3 2
+18 1
+2 2
-17 2
+5 1
-5 1
cfi=(88)
cfn=(362)
calls=1 62 
* 32
* 2
+21 2
+1 6

fn=(432) __uflow
368 1
+2 1
-2 1
+2 2
+6 3
+3 4
+2 3
+6 2
+7 2
+1 1
-1 2
cfn=(434) _IO_default_uflow
calls=1 +46 
* 168
-24 2
+22 2

fn=(434)
440 1
-1 2
+1 1
cfi=(98)
cfn=(436)
calls=1 558 
* 164

fl=(56) /build/buildd/eglibc-2.15/elf/dl-altinit.c
fn=(240) dlinit_alt
33 3
+1 1

fl=(43) /build/buildd/eglibc-2.15/string/../sysdeps/x86_64/multiarch/strnlen.S
fn=(172) strnlen
30 1
+1 1
+2 1
+1 1
+1 1
+2 1

fl=(90)
fn=(374) __open_nocancel
82 5

fn=(442)
82 2

fl=(95) /build/buildd/eglibc-2.15/locale/loadlocale.c
fn=(384) _nl_intern_locale_data
67 120
+10 24
+1 127
+7 72
+3 12
-1 24
+9 24
cfi=(80)
cfn=(342)
calls=12 2910 
* 2284
+2 24
+10 12
-7 12
+1 12
+1 12
+1 12
+1 12
+1 12
+1 12
+1 12
+2 12
+1 36
+11 36
+19 178
+4 196
+4 36
-41 54
+41 540
-41 912
+2 310
+1 620
+11 1610
+17 48
+9 1216
+4 68
+3 34
-1 68
-16 4
-1 10
-1 26
-1 14
-1 6
-1 10
-1 92
-1 38
-2 12
+1 222
+30 96

fl=(84) /build/buildd/eglibc-2.15/nptl/../nptl/sysdeps/unix/sysv/linux/register-atfork.c
fn=(352) __linkin_atfork
117 2
+2 4
-1 2
+2 1

fl=(105) /build/buildd/eglibc-2.15/stdio-common/isoc99_scanf.c
fn=(428) __isoc99_scanf
29 9
+4 1
-4 1
+4 18
+3 1
-2 1
+3 4
-1 5
+1 1
cfi=(106) /build/buildd/eglibc-2.15/stdio-common/vfscanf.c
cfn=(430) _IO_vfscanf
calls=1 214 
* 350

fl=(63) /build/buildd/eglibc-2.15/stdlib/cxa_atexit.c
fn=(270) __cxa_atexit
57 2
-22 1
+22 5
-22 1
cfn=(272) __new_exitfn
calls=1 +38 
* 42
+2 2
+4 2
+3 1
-1 1
+2 1
+2 1
+1 1
+11 5

fn=(272)
73 1
+6 2
-6 3
+6 4
+2 6
+2 3
-2 1
+10 1
-10 3
+45 1
+1 1
+3 4
+3 5
-35 2
+14 1
+1 2
-19 2

fl=(66) /build/buildd/eglibc-2.15/setjmp/sigjmp.c
fn=(300) __sigjmp_save
30 2
-1 2
+1 2
+5 3

fl=(69) /build/buildd/eglibc-2.15/stdlib/getenv.c
fn=(312) getenv
36 296
+1 37
cfi=(70) /build/buildd/eglibc-2.15/string/../sysdeps/x86_64/multiarch/../strlen.S
cfn=(314) __GI_strlen
calls=37 -11 
* 611
* 37
+4 185
+1 37
-1 74
+3 74
-2 25
+55 296
-16 37
-8 37
+6 37
-1 37
+3 4974
+9 2574
cfi=(68) /build/buildd/eglibc-2.15/string/../sysdeps/x86_64/multiarch/../strcmp.S
cfn=(316) __GI_strncmp
calls=25 +88 
* 1111
* 50
+1 48
+1 24

fl=(106)
fn=(430)
214 10
+11 1
-11 2
+11 1
+1 1
-1 1
+1 1
+88 7
+6 4
+3 5
+4 1
+31 1
-31 1
+31 1
-23 1
+6 1
+2 1
-2 1
+2 2
+15 1
-23 1
+8 1
+15 6
+5 1
+4 1
2148 1
269 1
-49 1
-1 1
2148 1
275 1
-2 1
-1 1
-7 2
367 1
264 1
-1 1
-1 1
-12 1
-20 1
-12 1
2148 1
367 2
+37 2
+25 1
+1 1
-1 1
+1 1
+45 1
-6 1
+6 3
+49 6
+80 4
+5 6
+1 5
+3 1
+1 2
-1 1
+1 2
+6 5
211 4
481 2
+12 5
211 1
493 2
+21 2
+7 1
-7 3
+10 5
358 6
620 8
cfi=(99)
cfn=(432)
calls=1 368 
* 194

fl=(68)
fn=(310) __GI_strcmp
184 62
+1 62
+2 62
+1 62
+21 62
+1 62
+1 49
+1 49
+1 48
+1 48
+1 48
+1 48
+21 48
+1 48
+1 48
+1 48
+1 48
+1 48
+1 48
+15 14
+1 14
+1 14
+1 14
+1 14
+1 14
+1 14
+1 14
+1 14
+5 14
+1 14
+1 14
+1 14
+1 14
+1 14
1861 1
+1 1
+1 1
+1 1
+1 1
+2 1
+1 1
+1 1
+1 1
+1 1
+1 1
+1 1
1986 13
+1 13
+1 13
+1 13
+1 13
+2 13
+1 13
+1 13
+1 13
+1 13
+1 13
+1 13
2242 14
+1 14
+1 14
+1 14
+6 62
+6 62
+1 62
+8 62
+1 62

fn=(316)
178 26
+1 26
+1 26
+1 26
+1 26
+2 26
+1 26
+2 26
+1 26
+21 26
+1 26
+1 2
+1 2
+1 2
+1 2
+1 2
+1 2
+21 2
+1 2
+1 2
+1 2
+1 2
+1 2
+1 2
+15 24
+1 24
+1 24
+1 24
+1 24
+1 24
+1 24
+1 24
+1 12
+1 12
+1 12
+1 12
+2 12
+1 12
+1 12
+1 12
+1 12
+1 12
+10 12
+1 12
+1 12
+2 12
+6 12
+1 12
+1 12
+1 12
+1 12
+5 12
1236 12
+1 12
+1 12
+1 12
+1 12
+2 12
+1 12
+1 12
+1 12
+1 12
+1 12
+1 12
2242 24
+1 24
+1 24
+1 24
+1 24
+5 12
+3 12
+1 12
-4 14
+3 14
+1 14
+2 2
+1 2
+8 2
+1 2
+3 24
+1 24

fl=(78) /build/buildd/eglibc-2.15/string/../sysdeps/x86_64/strchrnul.S
fn=(332) strchrnul
27 2
+1 2
+1 2
+1 2
+1 2
+1 2
+1 2
+1 2
+1 2
+1 2
+1 2
+1 2
+1 2
+1 2
+1 2
+1 2
+1 2
+1 2
+1 2
+1 2
+12 2
+1 2
+1 2

fl=(73) /build/buildd/eglibc-2.15/locale/loadarchive.c
fn=(322) _nl_load_locale_from_archive
135 108
+19 12
-19 12
+1 12
+18 12
cfi=(74) /build/buildd/eglibc-2.15/posix/../sysdeps/unix/sysv/linux/x86_64/sysconf.c
cfn=(324) sysconf
calls=12 33 
* 444
+6 37
+1 33
cfi=(68)
cfn=(310)
calls=11 +23 
* 264
* 55
+3 11
-1 22
+1 11
496 96
170 3
cfi=(71) /build/buildd/eglibc-2.15/string/../sysdeps/x86_64/multiarch/../strchr.S
cfn=(318) __GI_strchr
calls=1 26 
* 28
+1 7
+24 2
+71 2
+5 2
cfi=(70)
cfn=(314)
calls=1 26 
* 14
fi=(93) /build/buildd/eglibc-2.15/locale/hashval.h
38 1
-1 1
+1 3
+3 1
-1 1
+1 2
-3 2
+3 9
-1 9
+1 18
-3 18
fe=(73)
274 1
fi=(93)
43 4
fe=(73)
274 1
+3 2
+1 1
-4 1
+3 1
-3 1
+3 2
+1 1
-1 1
+1 3
134 2
284 1
-6 1
134 3
284 1
134 1
284 2
+4 3
+1 6
cfi=(68)
cfn=(310)
calls=1 184 
* 24
* 5
+10 1
-82 1
+82 2
+3 1
+5 1
-5 1
+5 30
+2 26
+2 72
+4 24
-7 12
+8 12
-1 12
-7 12
457 2
cfi=(80)
cfn=(342)
calls=1 2910 
* 195
+1 1
-1 1
+1 1
+3 3
cfi=(94) /build/buildd/eglibc-2.15/string/strdup.c
cfn=(382) strdup
calls=1 41 
* 154
+1 1
-1 1
+1 1
+6 1
+1 3
-1 2
+1 24
+3 26
+2 84
cfi=(95)
cfn=(384)
calls=12 67 
* 9323
+3 12
-3 12
+3 12
+4 12
-1 12
+10 12
-9 12
-10 24
+23 3
+1 3
173 4
cfi=(78)
cfn=(332)
calls=1 27 
* 23
+1 2
-1 1
+1 3
cfi=(79)
cfn=(334)
calls=1 340 
* 59728
+1 1
-1 1
+1 1
+2 4
cfi=(68)
cfn=(316)
calls=1 +1 
* 31
* 2
+5 2
cfi=(70)
cfn=(314)
calls=1 26 
* 14
+1 1
-1 1
+1 1
cfi=(70)
cfn=(314)
calls=1 26 
* 14
* 1
+1 3
+1 2
-1 6
+1 1
+3 1
-3 1
cfi=(88)
cfn=(362)
calls=1 62 
* 22
* 4
cfi=(88)
cfn=(362)
calls=1 62 
* 18
* 5
cfi=(89) /build/buildd/eglibc-2.15/string/../sysdeps/x86_64/multiarch/../memcpy.S
cfn=(364) __GI_memcpy
calls=1 62 
* 18
+5 2
cfi=(80)
cfn=(370) free
calls=1 2957 
* 79
cob=(1)
cfi=(60)
cfn=(262)
calls=1 31 
* 607
* 1
+13 1
+3 3
-3 1
+3 1
cfi=(90)
cfn=(374)
calls=1 82 
* 5
+1 1
-1 1
+1 1
+4 4
cfi=(91)
cfn=(376)
calls=1 37 
* 10
* 2
+14 1
+3 7
cfi=(92) /build/buildd/eglibc-2.15/misc/../sysdeps/unix/syscall-template.S
cfn=(378) mmap
calls=1 82 
* 6
+1 1
-1 1
+1 3
119 4
+3 5
+1 2
-3 2
+3 2
236 2
+20 3
+4 1
+2 1
-2 2

fl=(62) /build/buildd/eglibc-2.15/csu/libc-start.c
fn=(268) (below main)
96 7
+10 1
-10 3
+10 3
+52 1
-52 1
+52 1
+1 4
cfi=(63)
cfn=(270)
calls=1 57 
* 65
+22 4
+3 2
+1 5
cob=(5) /home/emilio/GIT/kitteneitor/kitteneitor
cfi=(59) ???
cfn=(274) __libc_csu_init
calls=1 0 
* 54
+4 4
+15 2
+9 2
cfi=(64) /build/buildd/eglibc-2.15/setjmp/../sysdeps/x86_64/bsd-_setjmp.S
cfn=(296) _setjmp
calls=1 34 
* 29
+1 2
+5 2
+1 2
+3 2
+3 5
cob=(5)
cfi=(59)
cfn=(302) main
calls=1 0 
* 95490
106 2

fl=(55) /build/buildd/eglibc-2.15/ctype/ctype-info.c
fn=(238) __ctype_init
33 7
+2 4
+2 4
+1 1

fl=(74)
fn=(324)
33 36
+1 12
-1 24
+1 24
fi=(75) /build/buildd/eglibc-2.15/posix/../sysdeps/unix/sysv/linux/x86_64/../sysconf.c
+38 72
fe=(74)
-34 60
fi=(76) /build/buildd/eglibc-2.15/posix/../sysdeps/posix/sysconf.c
+16 72
fi=(75)
+18 24
fi=(76)
215 12
cfi=(77)
cfn=(330)
calls=12 30 
* 84
* 24
fe=(74)

fl=(85) /build/buildd/eglibc-2.15/malloc/morecore.c
fn=(356) __default_morecore
48 2
+1 2
cfi=(86) /build/buildd/eglibc-2.15/misc/sbrk.c
cfn=(358) sbrk
calls=2 -14 
* 76
+2 6
+2 4

fl=(87) /build/buildd/eglibc-2.15/misc/../sysdeps/unix/sysv/linux/x86_64/brk.c
fn=(360) brk
29 2
+3 14
+8 2
-6 4
+7 2

fl=(50) /build/buildd/eglibc-2.15/csu/../sysdeps/unix/sysv/linux/x86_64/../init-first.c
fn=(228) _init
53 7
+6 3
+17 1
fi=(51) /build/buildd/eglibc-2.15/csu/../sysdeps/generic/dl-hash.h
-31 1
fe=(50)
+29 1
+1 1
fi=(52) /build/buildd/eglibc-2.15/csu/../sysdeps/unix/sysv/linux/x86_64/init-first.c
-37 1
fi=(51)
+8 1
fi=(52)
-8 1
fe=(50)
+38 1
fi=(52)
-38 2
fi=(51)
+6 1
+5 4
+1 2
+13 2
-17 3
+3 12
+1 6
+13 6
-17 9
+22 1
fi=(52)
-30 2
+2 2
-2 1
+2 1
cfi=(42)
cfn=(170)
calls=1 -13 
* 12
+6 2
-4 2
+1 2
+1 1
+2 1
cfi=(42)
cfn=(170)
calls=1 -19 
* 12
+4 2
fe=(50)
+40 1
fi=(52)
-40 1
fe=(50)
+40 1
fi=(52)
-39 2
+1 1
fe=(50)
+38 2
cfi=(53) /build/buildd/eglibc-2.15/misc/init-misc.c
cfn=(234) __init_misc
calls=1 -59 
* 94
+8 1
cfi=(55)
cfn=(238)
calls=1 -65 
* 16
+5 5
-35 1
-9 1
+9 4

fl=(97) /build/buildd/eglibc-2.15/libio/ioputs.c
fn=(394) puts
35 32
+2 8
cfi=(70)
cfn=(314)
calls=8 -11 
* 212
+1 8
-1 8
+1 136
+3 25
+1 4
cfi=(98)
cfn=(396)
calls=1 1309 
* 281
* 28
cfi=(98)
cfn=(396)
calls=7 1309 
* 649
* 16
+1 56
+1 32
fi=(101) /build/buildd/eglibc-2.15/libio/libioP.h
984 24
+1 88
fe=(97)
48 40
-8 14

fl=(64)
fn=(296)
34 1
+2 1
cfi=(65) /build/buildd/eglibc-2.15/setjmp/../sysdeps/x86_64/setjmp.S
cfn=(298) __sigsetjmp
calls=1 -10 
* 27

fl=(81) /build/buildd/eglibc-2.15/malloc/hooks.c
fn=(344) malloc_hook_ini
30 1
fi=(82) /build/buildd/eglibc-2.15/malloc/arena.c
371 1
fe=(81)
31 1
fi=(82)
371 1
fe=(81)
31 1
fi=(82)
371 3
cfn=(348) ptmalloc_init.part.8
calls=1 -2 
* 57762
* 1
fe=(81)
34 1
-1 1
cfi=(80)
cfn=(343) malloc'2
calls=1 2910 
* 1170

fl=(38) /build/buildd/eglibc-2.15/string/../sysdeps/x86_64/multiarch/strcmp.S
fn=(174) strncasecmp
127 1
+1 1
+4 1
+1 1
+1 1
+2 1
+1 1
+1 1
+5 1

fn=(162) strcasecmp
104 1
+1 1
+1 1
cfi=(39) /build/buildd/eglibc-2.15/csu/../sysdeps/x86_64/multiarch/init-arch.c
cfn=(164) __init_cpu_features
calls=1 -53 
* 57
+3 1
+1 1
+1 1
+2 1
+1 1
+1 1
+5 1

fl=(44) /build/buildd/eglibc-2.15/time/../sysdeps/unix/sysv/linux/x86_64/gettimeofday.c
fn=(176) gettimeofday
31 1
-1 1
fi=(41)
+15 1
fe=(44)
-14 2
fi=(41)
+15 1
fe=(44)
-15 1
fi=(41)
+13 1
+5 4
+1 2
+13 2
-17 3
+3 12
+1 6
+13 6
-17 9
+22 1
fe=(44)
-37 2
+3 2
-3 1
+3 1
cfi=(42)
cfn=(170)
calls=1 -7 
* 12
+1 3
+1 2

fl=(67) /build/buildd/eglibc-2.15/locale/setlocale.c
fn=(308) setlocale
192 7
+7 1
-7 3
+7 2
+5 2
+4 3
+2 7
cfi=(68)
cfn=(310)
calls=1 -26 
* 44
* 2
433 9
226 1
-3 1
+1 1
+2 1
cfi=(69)
cfn=(312)
calls=1 36 
* 308
+1 2
+12 29
+11 26
+1 12
-2 12
+2 12
-2 12
+4 3
cfi=(71)
cfn=(318)
calls=1 26 
* 25
* 2
+47 2
+25 2
-22 72
cfi=(72) /build/buildd/eglibc-2.15/locale/findlocale.c
cfn=(320) _nl_find_locale
calls=12 66 
* 84043
+4 12
-4 12
+4 12
+14 24
+4 36
+2 72
cfi=(68)
cfn=(310)
calls=12 184 
* 288
* 48
-27 24
+1 52
+31 24
cfi=(94)
cfn=(382)
calls=12 41 
* 2976
+1 12
-1 12
+1 36
+8 2
+23 3
+3 2
cfi=(80)
cfn=(370)
calls=1 2957 
* 7
+2 1
-28 3
cfn=(386) new_composite_name
calls=1 113 
* 1121
+1 4
172 2
358 24
-12 26
184 12
+1 12
-1 24
+1 36
+1 1
cfi=(96) /build/buildd/eglibc-2.15/locale/lc-ctype.c
cfn=(388) _nl_postload_ctype
calls=1 40 
* 45
349 12
169 36
+3 36
+3 12
345 25
169 3
+3 3
+3 1
355 3

fn=(386)
113 9
+24 1
-24 1
+24 1
-13 1
+4 5
-4 24
-3 26
+2 12
+3 48
cfi=(70)
cfn=(314)
calls=12 26 
* 168
+1 24
-1 12
+2 12
-1 48
+1 94
cfi=(68)
cfn=(310)
calls=11 +56 
* 264
+1 33
-9 24
+12 2
+3 4
cfi=(68)
cfn=(310)
calls=1 +49 
* 24
* 2
+1 2
+1 1
-1 1
cfi=(68)
cfn=(310)
calls=1 +48 
* 42
* 2
+3 3
cfi=(80)
cfn=(342)
calls=1 2910 
* 195
+2 1
-2 1
+2 1
+21 1
-21 2
+21 6
-21 2
cfi=(89)
cfn=(364)
calls=1 -79 
* 22

fl=(96)
fn=(388)
40 1
+27 1
-8 2
-1 1
+3 2
-1 1
+3 1
+4 1
-4 1
+4 1
-5 1
+5 2
+38 5
+1 4
+1 4
+1 3
+1 3
+1 3
+2 1
-43 2
+2 2
+2 3

fl=(103) /build/buildd/eglibc-2.15/stdio-common/vfprintf.c
fn=(420) vfprintf
211 10
+35 1
-35 1
+35 2
1292 3
+4 5
+11 2
+11 1
fi=(107) /build/buildd/eglibc-2.15/stdio-common/printf-parse.h
99 2
fe=(103)
1318 5
fi=(107)
99 1
cfi=(78)
cfn=(332)
calls=1 -72 
* 23
fe=(103)
1333 1
fi=(107)
99 1
fe=(103)
1333 2
+4 4
236 1
1337 5
cfi=(98)
cfn=(396)
calls=1 -28 
* 81
* 1
253 1
1337 4
+4 1
-4 1
+4 2
-49 2
+41 7
+1 6
2029 2
cfi=(80)
cfn=(370)
calls=1 2957 
* 7
+1 2
cfi=(80)
cfn=(370)
calls=1 2957 
* 7
+2 9
+1 3
+3 8

fl=(94)
fn=(382)
41 52
+1 13
cfi=(70)
cfn=(314)
calls=13 -16 
* 182
* 13
+1 26
cfi=(80)
cfn=(342)
calls=13 2910 
* 2441
+2 26
+3 26
+1 26
-1 13
+1 13
-1 13
cfi=(89)
cfn=(364)
calls=13 +14 
* 286

fl=(71)
fn=(318)
26 2
+1 2
+1 2
+1 2
+1 2
+1 2
+1 2
+1 2
+1 2
+1 2
+1 2
+1 2
+1 2
+1 2
+1 2
+1 2
+1 2
+1 2
+1 2
+1 2
+1 2
+12 2
+1 2
+1 1
+1 1
+1 1
+1 1
+1 1
+1 2

fl=(92)
fn=(378)
82 15
+1 3

fl=(42)
fn=(170)
27 8
+2 4
-2 4
+1 8
+4 8
+18 16

fl=(91)
fn=(376)
37 3
-1 3
+1 3
+1 18
+4 3

fl=(80)
fn=(372) _int_free
3906 9
+13 1
-13 1
+13 2
+6 4
+1 2
+10 2
+13 2
+11 4
+1 3
+24 3
+3 3
+1 2
+1 1
+3 1
-3 1
+9 2
-5 2
+10 2
+2 1
+2 6
+2 2
4176 8

fn=(370)
2957 8
+1 8
+5 8
+5 1
-2 1
+2 2
+14 3
+1 2
cfn=(372)
calls=1 3906 
* 64
2861 3

fn=(342)
2910 168
+5 56
+1 56
+3 54
+2 243
+3 81
cfn=(354) _int_malloc
calls=27 3415 
* 3873
+1 27
-1 27
+1 27
+18 108
+1 216
+3 189
-30 1
+30 5
-30 1
cfi=(81)
cfn=(344)
calls=1 30 
* 58943

fn=(343)
2910 6
+5 2
+1 2
+3 2
+2 9
+3 3
cfn=(354)
calls=1 3415 
* 1124
+1 1
-1 1
+1 1
+18 4
+1 8
+3 7

fn=(354)
3415 252
+30 224
+8 56
+1 63
+1 21
+1 21
+4 42
-5 1
+8 2
-8 1
+8 3
+1 1
-1 1
+1 2
+2 5
3872 27
-1 27
+1 54
+26 252
3489 54
+1 81
+1 54
+2 81
+1 2
3885 27
-2 27
3570 27
3885 27
-2 54
+2 27
-2 27
+2 54
3570 27
3885 513
3663 27
3551 135
3679 54
+71 27
+1 27
+3 27
-2 27
+2 27
-3 27
+1 27
+2 27
-1 81
+6 135
+2 318
+2 316
+96 27
+1 81
+2 54
+17 3
4215 3
1913 127
+1 127
-2 127
+2 254
-2 127
+6 3
+7 1
-2 2
+2 2
3866 78
-3 26
+1 26
+2 78
+2 26
-2 26
-1 26
+1 78
+2 52
2370 1
+1 3
-1 3
+11 1
-11 1
+11 1
+58 1
+9 2
-9 1
+9 3
+9 3
2742 2
+1 1
+5 2
+3 2
+4 1
-3 1
+1 1
+2 1
-1 1
+4 1
-3 2
+1 1
-1 4
+1 1
3893 8
2507 1
+19 1
-19 1
+8 1
-8 4
+19 5
+8 1
-8 1
+8 1
+1 4
cfi=(85)
cfn=(356)
calls=1 48 
* 63
* 1
+2 5
+2 2
+1 2
+17 2
+26 2
+1 1
+1 2
+6 1
-6 1
+6 1
+3 4
+40 5
+19 1
+3 1
+1 1
-1 1
+1 3
+2 2
+1 4
cfi=(85)
cfn=(356)
calls=1 48 
* 27
+12 3
+5 2
+1 2
+17 1
3894 1
2697 1
+1 1
-2 1
+1 2
+12 1
-12 1
+1 1
+11 1
-84 2
1922 3

fl=(82)
fn=(348)
369 6
+11 1
-8 1
+8 1
+7 2
+1 2
-1 1
+1 10
cfi=(84)
cfn=(352)
calls=1 117 
* 9
+2 4
+16 1
-16 1
-58 4
+2 74
+16 37
-18 111
455 2
+5 2
+1 2
+2 1
+1 7
-83 5
cfi=(83)
cfn=(350)
calls=1 127 
* 57469
* 2
+1 3
-47 2
+1 2

fl=(54) /build/buildd/eglibc-2.15/string/../sysdeps/x86_64/multiarch/../strrchr.S
fn=(236) __GI_strrchr
26 1
+1 1
+1 1
+1 1
+1 1
+1 1
+1 1
+1 1
+1 1
+1 1
+1 1
+1 1
+1 1
+1 1
+1 1
+1 1
+1 1
+1 1
+1 1
+1 1
+1 1
+1 1
+1 1
+2 2
+1 2
+1 2
+1 2
+1 2
+1 2
+1 2
+1 2
+1 2
+1 2
+2 3
+1 3
+1 3
+1 3
+2 2
+1 2
+1 2
+1 2
+2 1
+1 1
+1 1
+1 1
+1 1
+1 1
+1 1

fl=(72)
fn=(320)
66 120
+11 12
-11 24
+11 24
+12 48
-8 24
cfi=(69)
cfn=(312)
calls=12 -45 
* 3252
+1 12
-1 24
+1 12
+8 48
+4 36
cfi=(68)
cfn=(310)
calls=12 +90 
* 288
* 24
+1 36
cfi=(68)
cfn=(310)
calls=12 +89 
* 504
* 24
+10 24
+2 36
cfi=(73)
cfn=(322)
calls=12 +28 
* 72142
+2 24
271 84
84 24
-1 48
cfi=(69)
cfn=(312)
calls=12 -47 
* 3285
+2 12
-2 24
+2 12
+1 24
cfi=(69)
cfn=(312)
calls=12 -50 
* 3756
* 36

fl=(100)
fn=(402)
99 10
+15 4
-1 2
+1 10
cfi=(98)
cfn=(404)
calls=2 1246 
* 28
* 4
+2 8
+11 4
-14 2
+14 4
+1 6
+3 14
cfi=(92)
cfn=(378)
calls=2 -49 
* 12
* 4
+1 10
cfi=(99)
cfn=(406)
calls=2 404 
* 42
+1 2
+1 10

fl=(86)
fn=(358)
35 10
+8 11
+4 4
+4 4
+3 1
cfi=(87)
cfn=(360)
calls=1 -25 
* 12
+1 3
+3 12
-14 1
+1 1
-1 1
cfi=(87)
cfn=(360)
calls=1 -15 
* 12
* 4

fl=(88)
fn=(362)
62 7
+4 7
+3 7
+1 7
+2 2
+1 2
+2 2
+1 2
+5 2
+1 2
-1 5
+1 5
+2 5
+1 5
+2 5
+1 5
+5 5
+1 5
-1 2
+1 2
+2 3
+1 3
+2 3
+1 3
+5 3
+1 3
-1 4
+1 4
+2 4
+1 4
+2 4
+1 8
+5 4
+1 4
-1 3
+1 6
+5 3
+1 3
+1 3
+1 3
+2 3
+2 3
+1 3
+2 3
+6 7
+4 7
+12 2
+2 2
+1 2
+26 2
+1 2
+3 2
+1 2
+1 2
+5 2
+2 2
+1 2
+1 2
+1 2
+2 2
+1 2
+1 2
+1 2
+2 2
+1 2
+2 2
+22 2
+2 2

fl=(53)
fn=(234)
31 3
+1 1
-1 1
+1 4
+2 3
cfi=(54)
cfn=(236)
calls=1 -8 
* 70
+4 5
+1 3
+2 4

fl=(70)
fn=(314)
26 73
+1 73
+1 73
+1 73
+1 73
+1 73
+1 56
+1 56
+1 56
+1 56
+1 56
+1 4
+1 4
+1 4
+2 17
+1 17
+1 17
+1 17
+1 17
+1 17
+1 17
+1 17
+1 17
+2 8
+1 8
+1 8
+1 16
+3 8
+1 8
+1 8
+1 8
+2 4
+1 4
+1 4
+1 4
+2 1
+1 1
+1 1
+1 1
+8 13
+2 13
+1 13
+1 13
-2 52
+1 52
+1 52
+3 4
+1 4
+1 4
+1 4
+3 3
+1 3
+1 3
+1 3
+3 1
+1 1
+1 1
+1 1

fl=(39)
fn=(164)
53 1
-8 1
+8 1
+3 1
-3 1
+3 5
+91 2
+12 1
+1 1
+2 1
+1 2
-98 1
-33 2
+6 1
-6 2
+6 1
+1 1
+30 1
-30 1
+30 1
-37 1
+6 1
+27 1
-26 1
+26 1
+4 1
+1 1
-38 2
+33 1
+5 1
+5 1
+2 1
-2 1
+3 1
+1 2
+33 1
-54 1
+54 1
+4 1
-37 8

fl=(57)
fn=(250)
152 87
+1 87
-1 174
+3 168
+1 87

fn=(244) handle_intel
307 2
+6 2
-6 14
+1 4
+13 2
+1 2
+2 2
-5 2
+11 4
+5 2
-5 4
+5 2
+7 10
cfn=(246) intel_check_word
calls=2 163 
* 1606
+1 4
+3 10
cfn=(246)
calls=2 163 
* 785
+1 4
+3 5
cfn=(246)
calls=1 163 
* 21
+1 2
+3 5
cfn=(246)
calls=1 163 
* 203
+1 2
-18 2
+1 4
+26 16

fn=(242) init_cacheinfo
552 1
+13 1
-13 1
+13 1
-13 1
+13 1
+7 2
+2 3
cfn=(244)
calls=1 307 
* 1667
+4 2
-4 1
+4 1
cfn=(244)
calls=1 307 
* 1054
+2 1
-2 1
-1 1
+3 1
+29 1
-18 1
+18 3
+7 5
+6 2
-6 12
+6 6
+3 20
+2 1
+6 6
+7 5
+2 1
+2 2
-4 4
+2 1
+2 6
+2 4
+5 1
+2 2
+1 1
-1 2
+1 1
+5 1
+12 4
+75 2
+2 1
+1 1
+2 1
-3 1
+5 1
-5 1
+4 3
+4 2
+2 1
+1 1
+2 1
-3 1
+5 1
+2 1
-7 1
+4 2
+3 1
-3 1
+3 2
-93 7

fn=(246)
163 60
+1 12
+8 6
-2 40
+14 26
+53 26
+36 65
-1 13
+1 13
cfi=(58)
cfn=(248)
calls=13 27 
* 2186
+2 26
+2 12
+14 2
+6 11
172 22
+2 13
+2 26
301 4
+1 42
-23 2
+2 4
+2 4

fl=(102) /build/buildd/eglibc-2.15/debug/printf_chk.c
fn=(418) __printf_chk
28 11
+4 1
-4 1
+4 16
+1 2
+1 2
+2 1
+1 3
-1 5
+1 1
cfi=(103)
cfn=(420)
calls=1 211 
* 214
+3 1
-3 1
+3 1
+1 2
fi=(104) /build/buildd/eglibc-2.15/debug/../libio/libioP.h
994 1
-1 1
+1 2
+1 11
fe=(102)
45 6

fl=(65)
fn=(298)
26 1
+2 1
+1 2
+1 1
+4 1
+1 1
+1 1
+1 1
+1 1
+2 2
+2 1
+1 1
+2 2
+2 1
+9 1
cfi=(66)
cfn=(300)
calls=1 -26 
* 9

fl=(89)
fn=(364)
62 15
+2 15
+2 15
+3 15
+1 15
+2 1
+1 1
+2 1
+1 1
+5 1
+1 1
-1 14
+1 14
+11 15
+1 15
+2 14
+1 14
+2 14
+1 14
+5 14
+1 14
-1 1
+1 1
+2 14
+1 14
+2 14
+1 14
+5 14
+1 14
-1 1
+1 1
+23 15

ob=(2) ???
fl=(14) ???
fn=(196) 0x0000000004a25480
0 2
cob=(4) /usr/lib/valgrind/vgpreload_core-amd64-linux.so
cfi=(46) ???
cfn=(198) 0x00000000000004d0
calls=1 0 
0 6
0 1
cob=(4)
cfi=(46)
cfn=(204) 0x0000000000000570
calls=1 0 
0 6
0 1
cob=(4)
cfi=(46)
cfn=(210) 0x00000000000006e0
calls=1 0 
0 11
0 2

ob=(5)
fl=(59)
fn=(302)
0 15
cob=(3)
cfi=(67)
cfn=(308)
calls=1 192 
0 89742
cob=(1)
cfi=(60)
cfn=(262)
calls=1 31 
0 836
0 7
cob=(3)
cfi=(97)
cfn=(394)
calls=1 35 
0 377
cob=(1)
cfi=(60)
cfn=(262)
calls=1 31 
0 755
0 2
cob=(3)
cfi=(97)
cfn=(394)
calls=1 35 
0 165
0 2
cob=(3)
cfi=(97)
cfn=(394)
calls=1 35 
0 174
0 2
cob=(3)
cfi=(97)
cfn=(394)
calls=1 35 
0 202
0 2
cob=(3)
cfi=(97)
cfn=(394)
calls=1 35 
0 184
0 2
cob=(3)
cfi=(97)
cfn=(394)
calls=1 35 
0 195
0 2
cob=(3)
cfi=(97)
cfn=(394)
calls=1 35 
0 188
0 2
cob=(3)
cfi=(97)
cfn=(394)
calls=1 35 
0 176
0 12
cob=(3)
cfi=(102)
cfn=(418)
calls=1 28 
0 283
cob=(1)
cfi=(60)
cfn=(262)
calls=1 31 
0 876
0 4
cob=(3)
cfi=(105)
cfn=(428)
calls=1 29 
0 391
cob=(1)
cfi=(60)
cfn=(262)
calls=1 31 
0 894

fn=(254) 0x0000000000400c4c
0 11
cob=(3)
cfi=(62)
cfn=(268)
calls=1 96 
0 95693
cob=(1)
cfi=(60)
cfn=(262)
calls=1 31 
0 956

fn=(284) 0x0000000000400d00
0 6

fn=(278) 0x0000000000400c78
0 6

ob=(2)
fl=(14)
fn=(276) 0x00000000004006b8
0 2
cob=(5)
cfi=(59)
cfn=(278)
calls=1 0 
0 6
0 1
cob=(5)
cfi=(59)
cfn=(284)
calls=1 0 
0 6
0 1
cob=(5)
cfi=(59)
cfn=(290) 0x00000000004043d0
calls=1 0 
0 11
0 2

ob=(5)
fl=(59)
fn=(290)
0 11

fn=(274)
0 15
cob=(2)
cfi=(14)
cfn=(276)
calls=1 0 
0 29
0 10

ob=(4)
fl=(46)
fn=(204)
0 6

fn=(198)
0 6

fn=(210)
0 11

ob=(1)
fl=(22) /build/buildd/eglibc-2.15/string/../sysdeps/x86_64/memcpy.S
fn=(66) mempcpy
62 24
+4 24
+3 23
+1 23
+2 7
+1 7
+2 7
+1 7
+5 7
+1 7
-1 16
+1 16
+2 17
+1 17
+2 17
+1 17
+5 17
+1 17
-1 6
+1 6
+2 7
+1 7
+2 7
+1 7
+5 7
+1 7
-1 16
+1 16
+2 13
+1 13
+2 13
+1 26
+5 13
+1 13
-1 10
+1 13
+5 3
+1 3
+1 3
+1 3
+2 3
+2 3
+1 3
+2 3
+6 23
+4 23
+12 2
+2 2
+1 2
+26 2
+1 2
+3 2
+1 2
+1 2
+5 2
+2 2
+1 2
+1 2
+1 2
+2 2
+1 2
+1 2
+1 2
+2 2
+1 2
+2 2
+22 2
+2 2
+2 1
+7 1

fl=(6) /build/buildd/eglibc-2.15/elf/dl-lookup.c
fn=(10) _dl_setup_hash
861 4
+3 12
+4 4
+4 8
+2 4
-1 4
+3 12
+5 4
-4 4
+1 8
+2 4
+1 4
+4 8
-7 4
+5 4
+1 4
+1 8
+14 8

fn=(160) check_match.11236
132 534
+1 89
-1 89
+1 89
+2 178
+2 267
-2 178
+12 267
+3 258
cfi=(17) /build/buildd/eglibc-2.15/string/../sysdeps/x86_64/multiarch/../strcmp.S
cfn=(52) strcmp
calls=20 -15 
* 1503
* 40
+5 89
-1 89
+1 89
-1 89
+1 89
+2 176
+19 176
+1 704
+46 623
-18 2
+2 2
+1 3
-1 2
+1 1
-1 2
-29 264
cfi=(17)
cfn=(52)
calls=88 -43 
* 7596
* 176
-43 178

fn=(156) _dl_lookup_symbol_x
716 837
477 93
716 186
477 93
716 279
477 372
+1 186
-1 93
+1 279
-1 279
+1 2210
-1 1105
+1 3315
-1 3408
718 93
+4 93
+4 93
-8 93
+1 186
+7 269
+5 93
+2 186
-2 93
-1 93
+7 465
+8 8
-8 16
+2 1395
cfn=(158) do_lookup_x
calls=93 82 
* 37132
+3 186
-5 93
+33 186
+23 267
+1 534
+35 356
+14 267
+3 356
+5 89
+2 837
-81 28
+17 4
+1 8
+54 2

fn=(158)
82 837
+1 93
-6 93
+5 279
-5 651
230 93
+3 93
89 93
230 93
+32 93
-29 93
98 93
-3 93
+1 93
+2 93
+3 93
-3 93
+3 93
-3 192
-3 192
+1 192
+2 192
+3 192
-3 192
+3 192
+4 582
+4 566
+4 566
+7 849
+4 849
+1 849
226 283
+1 566
+4 566
-2 283
+5 1132
+4 566
-1 566
+1 283
-1 566
+21 194
+24 388
462 1110
+1 120
cfi=(28) /build/buildd/eglibc-2.15/elf/dl-misc.c
cfn=(92) _dl_name_match_p
calls=24 305 
* 1036
* 144
+3 588
+3 4
+1 744
287 668
+4 122
+13 178
+1 178
+1 178
-65 376
-1 188
+2 188
+2 282
+10 267
-7 890
+2 178
+1 89
-1 89
+1 356
-1 267
+1 356
cfn=(160)
calls=89 132 
* 13842
+1 534

fl=(15) /build/buildd/eglibc-2.15/elf/dl-minimal.c
fn=(42) __libc_memalign
53 84
+1 84
+11 21
+1 21
-1 21
+3 21
-3 21
+3 114
+4 12
+1 6
+6 21
cfi=(23) /build/buildd/eglibc-2.15/misc/../sysdeps/unix/syscall-template.S
cfn=(68) mmap
calls=3 +3 
* 18
+2 6
+2 9
+2 9
+3 3
+1 3
+2 15
-3 18
+1 18
+2 90
-31 3
+1 1
-2 3

fn=(38) malloc
95 20
+1 40
cfn=(42)
calls=20 -43 
* 573

fn=(74) strsep
320 5
+3 10
+2 5
+1 10
+4 24
+5 6
-5 168
+5 340
+2 516
+8 86
-15 260
+18 2
+4 10
-13 2
+2 2
+7 2

fn=(34) calloc
111 8
-3 8
+3 16
-3 8
+3 16
+4 16
cfn=(38)
calls=8 -20 
* 262

fl=(33) /build/buildd/eglibc-2.15/elf/dl-cache.c
fn=(186) _dl_unload_cache
309 1
+1 4
+2 2
cfi=(23)
cfn=(188) munmap
calls=1 82 
* 5
+1 1
+2 2

fn=(126) _dl_cache_libcmp
164 36
-23 30
+2 132
+2 66
-2 66
+2 6
+6 3
+1 6
-1 3
+2 3
-1 3
-1 3
+2 9
+2 15
+2 6
+6 126
+2 126
+5 108
-1 54
+1 54
-29 108
+32 9
-7 36

fn=(122) _dl_load_cache_lookup
183 8
+8 2
+3 3
+51 3
+15 3
cfi=(21) /build/buildd/eglibc-2.15/io/../sysdeps/unix/syscall-template.S
cfn=(64) access
calls=1 82 
* 11
+5 1
-5 1
+19 1
-14 5
+14 1
-15 1
+15 4
-25 1
+25 1
-25 1
+25 141
cfn=(126)
calls=9 164 
* 645
* 38
+21 9
197 4
cfi=(28)
cfn=(124) _dl_sysdep_read_whole_file
calls=1 44 
* 68
+8 1
-8 1
+8 4
+1 4
cfi=(12) /build/buildd/eglibc-2.15/string/../string/memcmp.c
cfn=(28) bcmp
calls=1 322 
* 98
* 2
+7 1
-3 1
+3 3
+3 1
+1 2
-1 1
+1 1
+1 3
cfi=(12)
cfn=(28)
calls=1 322 
* 157
* 2
+18 2
+43 13
cfn=(126)
calls=3 164 
* 363
* 12
-97 2
+97 10
-97 1
+97 12
-97 1
+97 2
-97 1
+97 19
+16 4
-16 5

fl=(8) /build/buildd/eglibc-2.15/elf/../sysdeps/unix/sysv/linux/x86_64/brk.c
fn=(14) brk
29 1
+3 6
+8 1
-6 2
+7 1

fl=(1) ???
fn=(0) 0x00000000000016b0
0 2
cfi=(2)
cfn=(2) _dl_start
calls=1 368 
0 93949
0 14
cfi=(45) /build/buildd/eglibc-2.15/elf/dl-init.c
cfn=(192) _dl_init
calls=1 93 
0 6300
0 3
cob=(5)
cfi=(59)
cfn=(254)
calls=1 0 
0 96660

fl=(12)
fn=(28)
322 13
+7 13
-7 65
+7 13
+4 15
+2 2
+1 2
+4 4
-3 2
+1 4
-3 4
+1 4
+1 4
+1 4
+2 8
+2 6
-9 18
+16 5
-16 5
+16 10
+1 4
136 10
-19 2
353 4
+4 3
+2 3
-2 6
+1 3
+17 3
-12 6
+12 8
-12 16
+2 10
+1 10
+4 20
-52 27
+47 59
+1 59
+3 59
+1 118
-7 136
+12 9
+1 91
-24 3
228 3
+1 3
352 3
233 3
-4 3
+6 3
-2 3
+2 11
-99 4
+4 2
+1 2
+3 6
+48 2
-2 2
+1 2
+1 14
-80 2
+1 4
+4 4
-5 8
+1 16
+4 18
235 4
+6 1
+3 1
-5 1
+1 1
+4 1
-2 1
+56 2
-2 1
+2 2
-1 1
+1 2
+1 2
-1 2
-2 1
+2 2
-1 1
+1 2
+1 2
-52 1
+1 1
+3 1
-2 1
-2 1
+4 1
+40 5
-2 1
+1 1
+1 2
+1 2
-24 1
-6 1
+1 1
+1 1
+4 1
+43 18
+1 6
-6 4

fl=(28)
fn=(124)
44 2
+7 1
-7 4
+7 1
-7 1
+7 1
cfi=(21)
cfn=(98) open
calls=1 +31 
* 5
+1 1
-1 1
-6 1
+7 1
+2 4
cfi=(29) /build/buildd/eglibc-2.15/io/../sysdeps/unix/sysv/linux/wordsize-64/fxstat.c
cfn=(104) _fxstat
calls=1 -17 
* 10
* 2
+2 1
+3 1
-3 1
+3 1
+13 2
cfi=(21)
cfn=(112) close
calls=1 +10 
* 5
+3 7
-14 7
cfi=(23)
cfn=(68)
calls=1 +21 
* 6
* 2

fn=(92)
305 190
+1 76
cfi=(17)
cfn=(52)
calls=38 135 
* 273
* 38
+1 38
-1 38
+3 38
+8 38
-6 76
+4 39
-4 78
+1 126
cfi=(17)
cfn=(52)
calls=42 135 
* 692
* 84
+1 3
+5 50
-1 35
+1 140

fl=(31) /build/buildd/eglibc-2.15/elf/dl-deps.c
fn=(114) _dl_map_object_deps
149 1
+1 1
-1 2
+1 1
-1 1
+1 1
-1 1
+1 2
-1 5
+1 1
-1 1
+1 2
+16 1
-16 1
+14 1
+1 1
+1 1
+6 4
+10 2
-14 1
+14 1
-36 3
+20 1
-2 1
+19 1
-17 1
+6 1
-6 1
-2 1
+2 1
-2 1
+1 1
+1 1
+6 3
+10 1
-10 1
+10 5
+4 1
+21 1
+1 1
-22 2
+19 1
+3 3
-3 1
+7 1
+1 1
-1 1
+5 1
+4 2
-9 3
+1 3
-1 3
+5 3
+4 6
+12 8
+2 2
+11 2
-4 2
+1 2
-2 2
-6 2
+7 2
+1 2
-8 2
+5 2
+6 14
+50 4
+1 3
-51 176
+1 88
+6 10
cfi=(24) /build/buildd/eglibc-2.15/string/../sysdeps/x86_64/multiarch/../strchr.S
cfn=(70) index
calls=2 26 
* 68
* 6
+5 10
-3 2
+3 2
cfi=(26) /build/buildd/eglibc-2.15/elf/dl-error.c
cfn=(82) _dl_catch_error
calls=2 -98 
* 6481
+2 6
+15 2
+2 4
+5 2
+6 2
+2 2
-8 4
+5 2
-2 2
+1 2
+2 2
+4 12
-59 8
-19 2
477 8
+2 6
+3 4
-1 2
cfi=(15)
cfn=(38)
calls=2 95 
* 58
+2 2
-2 2
+2 2
+4 8
-1 2
+2 2
-1 2
cfi=(16) /build/buildd/eglibc-2.15/string/../sysdeps/x86_64/multiarch/../memcpy.S
cfn=(44) memcpy
calls=2 62 
* 41
+1 8
cfi=(16)
cfn=(44)
calls=2 62 
* 41
+4 2
-1 2
+5 20
+2 4
+1 23
222 23
+2 2
+2 2
-2 2
+2 4
+2 26
499 1
206 1
499 2
+4 5
+1 2
+3 5
+11 3
-1 1
cfi=(15)
cfn=(38)
calls=1 95 
* 29
+3 1
-3 1
+3 1
+5 2
+1 1
-1 2
+1 1
-1 1
+1 8
+8 4
+4 2
-10 3
-2 3
+8 12
+4 6
-10 10
+13 2
+51 5
+2 3
213 2
637 1
-5 1
+6 2
-2 1
+1 5
+1 3
cfi=(30) /build/buildd/eglibc-2.15/string/../sysdeps/x86_64/multiarch/../memset.S
cfn=(108) memset
calls=1 44 
* 17
* 5
+4 1
+7 1
-6 2
+6 1
-7 2
+7 2
-6 4
+6 6
+2 8
+1 4
-1 4
+1 4
+3 6
-1 9
+23 3
-28 6
+31 9
+3 16
cfi=(30)
cfn=(108)
calls=2 44 
* 22
* 7
+7 2
+2 1
+1 1
-1 1
+9 2
+3 3
+3 8
299 168
630 6
cfi=(16)
cfn=(44)
calls=1 62 
* 28
+2 3

fn=(116) openaux
62 4
+7 2
-4 6
+2 2
-2 2
+2 2
-2 10
cfi=(20) /build/buildd/eglibc-2.15/elf/dl-load.c
cfn=(90) _dl_map_object
calls=2 2276 
* 6333
* 2
+5 4

fl=(61) /build/buildd/eglibc-2.15/elf/../elf/dl-runtime.c
fn=(264) _dl_fixup
74 14
+6 14
-6 7
+6 7
-6 21
+3 7
-1 7
+6 7
-5 7
+3 7
+1 7
-1 7
+1 7
+1 7
-1 14
+6 7
-6 21
+6 7
+4 21
+4 7
-2 7
+2 14
+4 14
+1 28
+2 21
+7 21
-1 7
+8 14
+3 63
cfi=(6)
cfn=(156)
calls=7 716 
* 4800
* 7
+4 21
+4 28
+6 49
+8 7
+8 28
+4 21
fi=(4) /build/buildd/eglibc-2.15/elf/../sysdeps/x86_64/dl-machine.h
+81 7
fe=(61)
-77 42

fl=(32) /build/buildd/eglibc-2.15/io/../sysdeps/unix/sysv/linux/wordsize-64/xstat.c
fn=(120) _xstat
37 8
-1 8
+1 8
+1 48
+4 2
-4 24

fl=(16)
fn=(44)
62 14
+2 14
+2 14
+3 13
+1 13
+2 3
+1 3
+2 3
+1 3
+5 3
+1 3
-1 10
+1 10
+2 3
+1 3
+2 3
+1 6
+5 3
+1 3
-1 10
+1 10
+2 1
+1 1
+2 1
+1 1
+5 1
+1 1
-1 12
+1 12
+2 8
+1 8
+2 8
+1 8
+5 8
+1 8
-1 5
+1 10
+5 5
+1 5
+1 5
+1 5
+2 5
+2 5
+1 5
+2 5
+8 13
+8 6
+6 6
+2 6
+1 6
+3 2
+1 4
+5 2
+1 2
+2 2
+2 2
+1 2
+2 2
-8 5
+1 5
+2 5
+2 5
+1 5
+2 7
+9 2
+1 2
-1 4
+1 4
+3 6
+1 6
+1 6
+5 5
+2 5
+1 5
+1 5
+1 5
+2 5
+1 5
+1 5
+1 5
+2 5
+1 5
+2 5
+22 6
+6 6
+1 6
+2 1

fl=(34) /build/buildd/eglibc-2.15/elf/dl-tls.c
fn=(144) _dl_allocate_tls_storage
329 1
+13 1
-13 2
+2 1
+11 2
cfi=(15)
cfn=(42)
calls=1 53 
* 49
+1 1
-1 1
+1 1
+7 1
+4 306
-58 1
+1 3
cfi=(15)
cfn=(34)
calls=1 111 
* 38
+1 2
-2 2
+11 2
+64 5

fn=(182) _dl_allocate_tls_init
377 7
+1 1
-1 1
+1 1
+4 1
+8 1
-5 1
+5 1
-6 1
-2 1
+8 3
+5 6
+6 3
-25 5
+47 2
+1 4
+2 2
+1 2
+8 4
+1 1
+1 3
cfi=(22)
cfn=(66)
calls=1 62 
* 23
* 5
cfi=(30)
cfn=(108)
calls=1 44 
* 28
* 3
-42 3
+6 4
+3 1
+1 2
+6 3
+3 1
-1 2
+38 2
+3 9

fn=(128) _dl_next_tls_modid
51 1
+3 3
+48 2
+4 2

fn=(142) _dl_determine_tlsoffset
113 7
+6 3
+3 2
+36 3
+2 9
-2 7
+5 1
-1 1
+5 2
-4 1
-1 1
+17 1
-17 1
+3 2
+2 1
+12 1
-12 2
+16 5
+2 1
+1 1
-1 2
+10 1
-12 2
+15 6
+1 1
+51 1
+1 8

fn=(180) _dl_add_to_slotinfo
817 1
+9 1
-9 3
+6 2
+8 3
+42 1
-1 3
+1 1
-1 1
+1 1
+1 4

fl=(9) /build/buildd/eglibc-2.15/string/../sysdeps/x86_64/multiarch/../rtld-strlen.S
fn=(18) strlen
29 13
+1 13
+1 13
+1 13
+2 4
+1 4
+2 4
+1 4
-1 10
+1 10
+1 13
+1 13
+1 13
+2 24
+5 12
+1 12
+1 12
+1 12
+3 12
-6 5
+1 5
+1 5
+1 5
+3 5
+1 16
+1 16
+1 16
+2 16
+3 16
+1 16
+1 16
+1 16
+3 16
+1 12
+1 12
+1 12
+2 12
+3 8
+1 8
+1 8
+1 8
+3 8
+1 8
+1 8
+1 8
+2 8
+3 8
+1 8
+1 8
+1 8
+3 8
+1 7
+1 7
+1 7
+2 9
+3 2
+2 2
+1 2
-3 10
+2 10
+1 10
+1 10
+2 10
+1 10
+1 6
+2 6
+1 6
+1 6
+2 6
+1 6
+1 6
+2 6
+2 6
+1 6
+1 6
+2 6
+1 6
+1 6
+2 6
+1 6
+1 4
+2 4
+1 4
-1 9
+1 9

fl=(20)
fn=(94) expand_dynamic_string_token
421 7
+10 1
-10 1
+10 1
-10 1
+10 1
cfi=(24)
cfn=(70)
calls=1 26 
* 43
* 2
161 2
cfi=(9)
cfn=(18)
calls=1 29 
* 81
* 1
+1 2
cfi=(15)
cfn=(38)
calls=1 -67 
* 29
+2 2
+3 2
446 3
167 1
446 3
167 1
cfi=(16)
cfn=(44)
calls=1 62 
* 47

fn=(96) open_verify
1857 120
+36 10
-36 20
+36 38
+21 40
cfi=(21)
cfn=(98)
calls=10 82 
* 98
+1 10
-1 10
+1 10
+11 6
-1 2
+1 4
cfi=(21)
cfn=(100) read
calls=2 82 
* 10
+7 2
-7 4
+7 2
+16 8
cfi=(12)
cfn=(28)
calls=2 322 
* 154
* 4
+2 2
-2 4
+4 8
cfi=(12)
cfn=(28)
calls=2 322 
* 140
-4 4
+60 4
+5 4
+2 6
+6 4
+7 2
+1 2
-1 8
+1 6
+1 4
+15 106
+2 36
+4 6
+1 2
-1 2
+14 2
+1 2
-1 2
+1 2
-1 2
+1 2
-2 2
+4 6
+5 1
+1 1
-13 4
cfi=(12)
cfn=(28)
calls=1 322 
* 70
* 8
cfi=(12)
cfn=(28)
calls=2 322 
* 150
* 6
+16 2
+6 1
-3 1
+1 1
+1 1
+1 2
+1 3
-4 1
+1 1
+1 1
-1 3
-1 1
+4 2
+28 90
1905 2

fn=(102) _dl_map_object_from_fd
916 22
+11 2
-11 2
+11 2
-11 4
+11 2
cfi=(25) /build/buildd/eglibc-2.15/elf/dl-debug.c
cfn=(76) _dl_debug_initialize
calls=2 52 
* 18
+4 6
-4 2
+4 2
cfi=(29)
cfn=(104)
calls=2 37 
* 20
* 4
+11 14
+1 6
-1 15
+1 20
+17 4
+25 6
+10 4
+22 8
+31 4
928 2
1051 14
cfi=(13) /build/buildd/eglibc-2.15/elf/dl-object.c
cfn=(30) _dl_new_object
calls=2 63 
* 952
+1 2
-1 2
+1 2
+11 2
+2 2
-2 2
+5 2
-4 2
-1 2
+4 2
-2 2
+2 2
-3 2
+5 2
-2 2
+1 6
+25 2
+8 2
-27 2
+19 10
+8 6
-8 2
+8 4
-8 2
+8 6
+89 4
-95 2
-1 2
-10 2
1190 6
-88 28
+6 4
+1 8
-8 136
+1 97
+60 3
+4 1
+1 1
+1 1
-1 1
+1 2
+3 3
+1 1
+3 1
-3 1
+7 4
+6 1
cfi=(34)
cfn=(128)
calls=1 51 
* 8
* 3
+1 1
-73 2
+1 1
1244 4
+1 6
+1 2
-6 4
+1 2
1119 20
+6 8
+1 4
-1 16
+10 8
-2 4
+1 4
+4 4
-4 4
-1 8
+1 4
-1 4
+2 4
-1 4
+3 4
-1 4
+3 4
+4 4
-7 4
+2 4
+1 4
+4 4
+1 10
+5 14
+10 2
-10 14
+10 2
+90 4
+13 2
1064 2
1262 2
-3 2
+3 6
1064 2
1262 2
+2 2
-2 2
+2 2
+14 4
+5 12
cfi=(23)
cfn=(68)
calls=2 82 
* 12
+4 2
-4 2
+4 4
+7 4
+1 2
+2 2
-3 2
+1 2
+2 2
+10 2
+35 12
+1 6
+2 8
+7 16
+6 2
+2 2
-2 2
+1 2
+2 2
-1 2
+1 2
-1 8
+8 4
+3 4
+11 16
cfi=(30)
cfn=(108)
calls=2 44 
* 344
+1 12
+5 4
+15 4
-73 20
+2 8
+2 20
cfi=(23)
cfn=(68)
calls=2 82 
* 12
* 4
-30 2
-1 10
cfi=(23)
cfn=(106) mprotect
calls=2 82 
* 10
* 2
1407 2
-77 2
+77 4
+9 4
fi=(3) /build/buildd/eglibc-2.15/elf/dynamic-link.h
115 2
fe=(20)
1416 2
fi=(3)
115 2
+6 2
-2 2
+2 4
+7 2
+5 2
+3 2
-7 2
fe=(20)
913 4
fi=(3)
129 32
+10 8
-18 24
+8 31
+10 31
-18 93
+18 2
-18 6
+2 82
+5 40
+2 8
+16 4
+20 7
+1 8
+1 8
+1 8
+2 8
+5 8
+1 7
+1 8
+6 6
+5 4
+7 4
+1 6
+16 6
+5 1
+2 1
-2 2
+2 1
+2 2
+2 2
+3 6
+2 2
+2 2
+3 4
fe=(20)
1422 8
+16 6
+19 4
+2 10
+55 6
+1 2
+3 2
cfi=(21)
cfn=(112)
calls=1 82 
* 5
* 2
cfi=(21)
cfn=(112)
calls=1 82 
* 5
* 4
+8 4
+3 6
+2 2
-2 2
+2 2
+16 4
cfi=(6)
cfn=(10)
calls=2 861 
* 54
+4 4
+19 4
+4 2
-4 2
+8 2
-8 2
+4 2
+4 2
+6 6
cfi=(13)
cfn=(46) _dl_add_to_namespace_list
calls=2 34 
* 84
+4 6
+20 18
-56 4
fi=(3)
133 8
+3 8
+1 2
+1 6
fe=(20)
1346 5
+2 1
-1 4
+1 4
-1 2
+3 4
+42 8
cfi=(23)
cfn=(68)
calls=1 82 
* 6
+3 2

fn=(60) _dl_init_paths
712 1
+15 2
-15 8
+15 3
cfi=(7) /build/buildd/eglibc-2.15/elf/../elf/dl-sysdep.c
cfn=(62) _dl_important_hwcaps
calls=1 354 
* 351
+5 1
-5 1
+5 1
cfi=(15)
cfn=(38)
calls=1 95 
* 29
+1 1
-1 1
-1 1
+2 1
+8 1
-1 1
+1 1
-1 4
+5 2
cfi=(15)
cfn=(38)
calls=1 95 
* 52
+2 1
-3 1
+3 1
+17 1
+12 1
-14 1
+12 1
-5 1
-5 1
+3 1
+9 1
-65 1
+42 1
+1 1
+13 1
-56 1
+54 1
-54 1
+57 1
-12 1
-45 1
+62 8
-62 20
+61 8
-61 4
+61 12
+2 4
-1 12
+1 4
-1 48
+1 8
-1 24
+3 18
-14 3
+14 3
-12 3
-2 3
+2 3
+4 3
-3 3
+2 3
+2 3
-1 6
+4 3
-3 3
+3 6
-3 3
-7 6
+25 1
-11 1
+6 1
+1 1
+5 2
+2 4
+2 3
+32 5
+8 3
cfi=(24)
cfn=(70)
calls=1 26 
* 52
* 2
+2 2
cfi=(9)
cfn=(18)
calls=1 29 
* 65
* 8
cfi=(16)
cfn=(44)
calls=1 62 
* 46
* 1
+17 8
+2 1
+1 3
+1 1
-4 3
+2 39
+1 117
+1 39
-4 118
+8 1
cfi=(15)
cfn=(38)
calls=1 95 
* 29
+1 1
-2 1
+2 1
+6 7
cfn=(72) fillin_rpath
calls=1 491 
* 1137
+4 3
+6 1
+4 8
-72 1
-2 1
+2 2
+11 2

fn=(90)
2276 30
+7 3
-7 9
+7 3
+1 6
+3 18
+12 12
-12 18
+5 21
+1 14
+2 21
cfi=(28)
cfn=(92)
calls=7 305 
* 499
* 14
2570 27
2322 2
-1 10
+11 6
+26 4
-2 2
+2 2
cfi=(24)
cfn=(70)
calls=2 26 
* 62
* 4
2501 6
cfn=(94)
calls=1 421 
* 231
+1 1
-3 1
+4 1
-1 1
+4 9
cfn=(96)
calls=1 1857 
* 413
+3 1
-3 1
+3 1
+12 8
+2 4
+45 2
-1 2
+1 16
-1 2
+1 6
cfn=(102)
calls=2 916 
* 3175
* 4
2321 4
+41 2
cfi=(9)
cfn=(18)
calls=1 29 
* 32
* 1
+2 1
-2 1
+2 1
+7 4
+35 2
+1 15
cfn=(118) open_path
calls=1 2127 
* 1455
+6 1
-6 1
+6 1
+80 2
-80 2
689 3
2421 4
+5 2
cfi=(33)
cfn=(122)
calls=1 183 
* 1681
+2 1
-2 1
+2 1
+5 3
+8 2
+27 9
cfn=(96)
calls=1 1857 
* 493
+3 1
-3 1
+3 1
161 2
cfi=(9)
cfn=(18)
calls=1 29 
* 83
* 1
+1 3
cfi=(15)
cfn=(38)
calls=1 -67 
* 29
+2 3
+3 3
cfi=(16)
cfn=(44)
calls=1 62 
* 84
2474 1
-1 1
+1 1
-94 1
-5 2
+5 1
+3 2
-3 2
+3 4
-3 3
689 3
2395 4
+1 7
689 3
2300 18
+3 2
+2 2
-1 4
+1 2
cfi=(17)
cfn=(52)
calls=2 135 
* 21
* 4

fn=(72)
491 3
+2 1
-2 11
+4 3
cfi=(15)
cfn=(74)
calls=1 320 
* 424
* 6
cfi=(15)
cfn=(74)
calls=2 320 
* 248
* 9
+3 4
cfi=(9)
cfn=(18)
calls=2 29 
* 108
+4 2
-4 2
+4 2
+7 8
+5 4
+3 6
+4 25
+1 16
cfi=(12)
cfn=(28)
calls=1 322 
* 102
* 2
+7 2
+5 2
+6 3
+4 2
-1 1
+2 1
-1 1
-1 2
cfi=(15)
cfn=(38)
calls=1 95 
* 29
+3 1
-3 1
+3 3
+5 1
+1 2
-2 1
+2 2
cfi=(22)
cfn=(66)
calls=1 62 
* 31
+3 1
-3 1
+1 1
+2 2
+6 4
+1 2
-73 5
+73 2
-73 1
+73 11
-73 1
+73 3
+1 8
+3 1
-1 2
+1 1
+7 1
+1 1
+3 3
+5 1
+3 9
-56 3
+42 2

fn=(118)
2127 8
+1 1
-1 5
+7 1
-7 1
+1 1
+6 1
+5 2
+52 1
-52 2
+52 1
-59 1
-1 1
+60 1
-52 6
+12 1
-9 1
+9 2
-9 1
+9 1
+7 6
+1 4
-1 2
cfi=(22)
cfn=(66)
calls=2 62 
* 63
+1 2
-1 2
+1 4
+20 16
-20 6
+3 16
-39 8
+43 8
-43 16
+43 32
cfi=(22)
cfn=(66)
calls=8 62 
* 170
* 32
cfi=(22)
cfn=(66)
calls=8 62 
* 184
* 8
+3 8
+3 16
+3 56
cfn=(96)
calls=8 1857 
* 368
* 8
+2 24
+7 16
+1 72
+6 16
+2 24
-2 8
+2 8
cfi=(32)
cfn=(120)
calls=8 37 
* 98
* 16
+1 8
+2 12
+7 12
-44 18
+44 4
-44 6
+85 10
+7 2
-2 2
+2 6
+3 3
+13 1
+1 9
-70 6

fl=(25)
fn=(76)
52 8
+9 1
-1 1
+1 1
+1 2
-1 1
+1 3
+1 2
+4 4
-10 4
-4 4
+4 14

fn=(78) _dl_debug_state
77 2

fl=(10) /build/buildd/eglibc-2.15/elf/../misc/sbrk.c
fn=(20) sbrk
35 3
+8 1
-8 1
+8 5
+4 2
+11 5

fl=(7)
fn=(62)
354 1
+3 1
-3 7
+3 1
-1 1
+1 1
+9 1
-12 4
+12 1
+10 1
-1 1
-1 1
+2 3
+44 5
cfi=(21)
cfn=(64)
calls=1 82 
* 11
* 4
611 9
418 1
+17 1
-17 1
+17 5
+3 2
+27 2
+8 2
+2 1
+1 1
-1 2
+1 4
+4 1
+4 1
-4 1
+1 1
-1 1
+4 1
+4 4
-1 2
+4 6
+1 2
+18 8
+1 1
-1 2
+1 3
cfi=(15)
cfn=(38)
calls=1 95 
* 29
+1 1
-1 1
+1 1
+7 2
+25 1
-3 3
+3 1
+28 4
-5 1
+5 4
+1 1
-1 6
+1 3
-1 9
+10 1
352 1
577 2
+5 1
352 2
577 3
+3 1
-3 1
+3 1
-3 3
+3 1
-3 1
+3 7
+1 12
+1 4
-1 4
+1 8
-2 4
+1 8
-1 14
+4 4
+3 1
+2 2
-1 1
-1 2
+2 4
+13 3
-13 1
+13 4
+1 1
+2 2
-3 3
+1 1
+2 2
+3 3
+2 1
448 2
-12 2
546 3
cfi=(22)
cfn=(66)
calls=1 62 
* 22
* 1
+1 1
-1 1
+1 2
cfi=(22)
cfn=(66)
calls=1 62 
* 22
* 5

fn=(12) _dl_sysdep_start
89 7
+25 1
-1 1
+1 1
-25 1
+25 119
+3 1
-3 1
-23 1
+27 1
-28 1
+27 1
+3 1
-6 1
+6 10
+1 1
-1 3
+1 102
+3 3
-4 1
-34 2
+34 20
-34 34
+34 60
fi=(18) /build/buildd/eglibc-2.15/elf/../sysdeps/unix/sysv/linux/dl-sysdep.c
-84 2
cfi=(8)
cfn=(14)
calls=1 -7 
* 11
fi=(4)
224 5
fe=(7)
+5 2
cfi=(10)
cfn=(20)
calls=1 35 
* 17
* 3
+12 3
+3 5
cfi=(2)
cfn=(22) dl_main
calls=1 896 
* 92628
+2 9
-67 1
+1 1
-26 1
+1 1
+8 1
+1 1
-4 1
+1 1
-4 1
+1 1
-25 1
+1 1
-4 1
+1 1
-4 1
+1 1
+99 1
cfi=(9)
cfn=(18)
calls=1 29 
* 35
* 2

fn=(184) _dl_sysdep_start_cleanup
252 1

fl=(18)
fn=(56) _dl_discover_osversion
67 7
+2 4
+85 9
-45 2
cfi=(19) /build/buildd/eglibc-2.15/posix/../sysdeps/unix/syscall-template.S
cfn=(58) uname
calls=1 -27 
* 5
* 1
+15 1
-15 1
+20 1
-1 1
+3 12
+4 3
-2 9
+2 9
+7 3
-1 3
+4 3
-2 3
+2 10
+5 2

fl=(21)
fn=(112)
82 12
+1 3

fn=(98)
82 44
+1 11
+1 48

fn=(100)
82 8
+1 2

fn=(64)
82 12
+1 3
+1 18

fl=(30)
fn=(108)
44 6
+1 6
+1 6
+1 1
+1 1
+2 5
+1 5
+1 5
+1 5
+2 5
+1 5
+2 4
+5 4
+1 4
+1 4
+1 4
+1 4
328 1
+1 1
+1 1
+1 1
+1 1
+1 1
+1 1
+1 1
+1 1
+1 1
+1 1
+1 1
+1 1
-4 1
+1 1
+1 1
+1 1
+1 1
-2 1
+1 1
+1 1
+25 1
+1 1
+50 1
+1 1
+87 1
+1 1
+1 1
+1 1
+1 1
+1 1
+1 1
+5 1
+1 1
+1 1
+1 1
+1 1
+74 1
1214 1
+1 2
+4 1
+1 1
+1 2
+5 1
+2 1
+1 1
+1 1
+1 1
+1 1
+1 1
+1 1
+1 1
+1 1
+1 1
+1 1
+1 1
+1 1
+1 1
+1 1
+1 1
+2 1
+2 1
-21 14
+2 14
+1 14
+1 14
+1 14
+1 14
+1 14
+1 14
+1 14
+1 14
+1 14
+1 14
+1 14
+1 14
+1 14
+1 14
+1 14
+2 14
+2 14
+3 1
+1 1
+6 1
+1 1
+1 1
+1 1
+1 1

fl=(27) /build/buildd/eglibc-2.15/setjmp/../sysdeps/x86_64/setjmp.S
fn=(86) __sigsetjmp
26 3
+2 3
+1 6
+1 3
+4 3
+1 3
+1 3
+1 3
+1 3
+2 6
+2 3
+1 3
+2 6
+2 3
+4 3
+1 3

fl=(11) /build/buildd/eglibc-2.15/elf/dl-environ.c
fn=(26) _dl_next_ld_env_entry
31 3
+1 3
+2 11
+2 74
+11 35
-13 105
+17 1
-14 16
+5 2
-3 2
+3 2
+2 2

fl=(45)
fn=(194) call_init.part.0
35 3
+21 3
-21 24
+21 3
+8 9
+2 4
+4 8
cob=(3)
cfi=(50)
cfn=(228)
calls=1 -17 
* 236
cob=(2)
cfi=(14)
cfn=(196)
calls=1 -70 
* 29
+4 3
+1 6
+6 4
+2 4
-2 2
+3 4
-49 9
+50 4
cob=(3)
cfi=(57)
cfn=(242)
calls=1 552 
* 2865
* 8
cob=(3)
cfi=(56)
cfn=(240)
calls=1 -52 
* 4
cfi=(47) /build/buildd/eglibc-2.15/string/../sysdeps/x86_64/multiarch/../cacheinfo.c
cfn=(216) init_cacheinfo
calls=1 552 
* 2925
-1 3
+1 3
-1 3
+3 18

fn=(192)
93 11
+1 1
+1 1
+3 3
+7 2
+27 2
+1 6
+1 4
-1 4
+1 8
-97 12
+9 3
-3 6
+3 6
+5 4
+1 8
cfn=(194)
calls=2 -17 
* 6126
+81 4
+7 8
-88 4
-5 3
-10 3
+9 1
-3 2
+3 2
+5 2
+1 4
cfn=(194)
calls=1 -17 
* 58
+49 2

fl=(24)
fn=(70)
26 6
+1 6
+1 6
+1 6
+1 6
+1 6
+1 6
+1 6
+1 6
+1 6
+1 6
+1 6
+1 6
+1 6
+1 6
+1 6
+1 6
+1 6
+1 6
+1 6
+1 6
+2 8
+1 8
+1 8
+1 8
+1 8
+1 8
+1 8
+1 8
+1 8
+2 6
+1 6
+1 1
+1 1
+1 1
+1 1
+1 5
+1 6

fl=(37) /build/buildd/eglibc-2.15/elf/dl-reloc.c
fn=(150) _dl_relocate_object
154 4
+11 8
-11 20
+10 8
-10 12
+15 4
-15 8
+11 4
+4 4
+1 20
+6 8
+6 12
+4 8
+8 8
-33 4
+78 4
fi=(4)
96 8
fe=(37)
239 8
fi=(4)
96 4
+39 3
fe=(37)
265 157
152 1
265 2
152 1
265 1
fi=(5) /build/buildd/eglibc-2.15/elf/do-rel.h
57 1
fe=(37)
265 1
fi=(5)
67 1
fe=(37)
265 1
fi=(5)
56 2
+11 2
fe=(37)
+85 3
265 6
152 3
265 3
fi=(5)
57 3
fe=(37)
265 3
fi=(5)
67 3
fe=(37)
265 3
fi=(5)
56 6
+11 6
fe=(37)
265 4
fi=(5)
57 4
fe=(37)
265 4
fi=(5)
67 4
fe=(37)
265 4
fi=(5)
56 8
+11 8
+3 15
fi=(4)
470 38
+4 38
+2 57
+1 19
fi=(5)
70 69
+2 72
+2 17
-4 3
+13 6
+1 5
+1 10
fi=(4)
470 10
+24 5
fi=(5)
84 5
fi=(4)
494 5
+2 5
cob=(3)
cfi=(44)
cfn=(176)
calls=1 31 
* 76
cob=(3)
cfi=(38)
cfn=(174)
calls=1 127 
* 9
cob=(3)
cfi=(43)
cfn=(172)
calls=1 30 
* 6
cob=(3)
cfi=(40)
cfn=(166)
calls=1 29 
* 76
cob=(3)
cfi=(38)
cfn=(162)
calls=1 104 
* 67
fi=(5)
84 5
fi=(4)
497 5
fi=(5)
84 6
184 1
fe=(37)
+81 3
fi=(5)
-81 7
fe=(37)
+81 21
+3 12
+40 4
+3 8
+17 12
+2 32
fi=(5)
93 5
+2 10
+12 5
-14 5
+14 5
-14 5
+14 5
+10 6
+3 6
fi=(4)
460 2
fi=(5)
121 2
fi=(4)
460 2
fi=(5)
121 2
fe=(37)
+31 4
fi=(5)
-31 2392
fi=(4)
460 2392
+1 2396
fi=(5)
120 2396
fi=(4)
461 1198
fi=(5)
120 1198
+7 15
+3 4
+3 4
-3 4
+3 10
fi=(4)
396 12
fi=(5)
136 485
+9 194
+1 97
+2 194
fi=(4)
268 97
fi=(5)
147 97
-2 97
+1 291
fi=(4)
268 97
+18 194
+7 1424
fi=(5)
146 6
+1 6
fi=(4)
293 12
fi=(5)
146 6
fi=(4)
293 326
fi=(5)
146 77
+1 77
fi=(4)
293 154
fi=(5)
146 77
fi=(4)
293 1227
cfi=(6)
cfn=(156)
calls=83 716 
* 49933
* 332
+2 291
+3 95
-3 190
+3 285
+6 194
96 6
+6 6
+4 9
+13 3
-8 3
+8 6
+13 3
+3 3
-3 3
+3 9
fe=(37)
+49 12
fi=(4)
-49 6
fe=(37)
265 18
fi=(4)
+28 308
fi=(5)
133 12
+19 6
fi=(4)
304 388
+85 84
fi=(5)
133 168
fi=(4)
389 84
fi=(5)
133 86
-16 3
fe=(37)
337 4
-1 8
+1 4
-1 8
+2 8
+3 8
+1 12
cfi=(23)
cfn=(106)
calls=4 82 
* 20
* 8
fi=(4)
+83 6
+4 10
cfi=(16)
cfn=(44)
calls=2 62 
* 36
+2 8
+1 2
-60 30
+4 30
+5 20
fi=(5)
133 10
fi=(4)
382 20
fi=(5)
133 20
fi=(4)
322 2
+1 1
fi=(5)
133 1
fi=(4)
323 1
fi=(5)
133 2
+36 9
+2 15
+8 6
+1 3
-1 3
+1 3
fi=(4)
+88 3
fi=(5)
-89 6
fi=(4)
+89 3
+18 6
+7 84
cfi=(6)
cfn=(156)
calls=3 716 
* 1523
* 12
+2 9
+3 1
-3 2
+3 3
+6 6
-11 24
fi=(5)
169 12
+14 2
fi=(4)
304 12
+85 9
-96 69
fe=(37)

fl=(47)
fn=(222) intel_check_word
163 60
+1 12
+8 6
-2 40
+14 26
+53 26
+36 65
-1 13
+1 13
cfi=(49) /build/buildd/eglibc-2.15/stdlib/bsearch.c
cfn=(224) bsearch
calls=13 27 
* 2186
+2 26
+2 12
+14 2
+6 11
172 22
+2 13
+2 26
301 4
+1 42
-23 2
+2 4
+2 4

fn=(216)
552 1
+13 1
-13 1
+13 1
-13 1
+13 1
+7 2
-6 1
cfi=(48) /build/buildd/eglibc-2.15/csu/../sysdeps/x86_64/multiarch/init-arch.c
cfn=(218) __init_cpu_features
calls=1 53 
* 57
* 2
+8 3
cfn=(220) handle_intel
calls=1 307 
* 1667
+4 2
-4 1
+4 1
cfn=(220)
calls=1 307 
* 1054
+2 1
-2 1
-1 1
+3 1
+29 1
-18 1
+18 3
+7 5
+6 2
-6 12
+6 6
+3 20
+2 1
+6 6
+7 5
+2 1
+2 2
-4 4
+2 1
+2 6
+2 4
+5 1
+2 2
+1 1
-1 2
+1 1
+5 1
+12 4
+75 2
+2 1
+1 1
+2 1
-3 1
+5 1
-5 1
+4 3
+4 2
+2 1
+1 1
+2 1
-3 1
+5 1
+2 1
-7 1
+4 2
+3 1
-3 1
+3 2
-93 7

fn=(226) intel_02_known_compare
152 87
+1 87
-1 174
+3 168
+1 87

fn=(220)
307 2
+6 2
-6 14
+1 4
+13 2
+1 2
+2 2
-5 2
+11 4
+5 2
-5 4
+5 2
+7 10
cfn=(222)
calls=2 163 
* 1606
+1 4
+3 10
cfn=(222)
calls=2 163 
* 785
+1 4
+3 5
cfn=(222)
calls=1 163 
* 21
+1 2
+3 5
cfn=(222)
calls=1 163 
* 203
+1 2
-18 2
+1 4
+26 16

fl=(17)
fn=(52)
135 197
+1 197
+1 197
+1 126
+1 126
+1 126
+1 126
cfn=(53) strcmp'2
calls=126 -6 
* 9201
+5 71
+1 71
+1 71
+1 71

fn=(53)
135 1281
+1 1281
+1 1281
+1 1272
+1 1272
+1 1272
+1 1272
cfn=(53)
calls=1155 -6 
* 48783
+2 117
+1 117
+2 9
+1 9
+1 9
+1 9

fl=(60)
fn=(262)
31 7
+2 7
+1 7
+1 7
+1 7
+1 7
+1 7
+1 7
+1 7
+1 7
+1 7
cfi=(61)
cfn=(264)
calls=7 +32 
* 5402
+1 7
+1 7
+1 7
+1 7
+1 7
+1 7
+1 7
+1 7
+1 7
+2 7

fl=(13)
fn=(30)
63 27
+1 3
-1 12
+1 3
cfi=(9)
cfn=(18)
calls=3 -35 
* 123
+6 3
-6 3
+6 39
+7 12
cfi=(15)
cfn=(34)
calls=3 +34 
* 121
+3 3
-3 3
+3 6
+4 3
-1 3
-19 3
+25 3
-5 3
+5 3
-1 6
+1 3
cfi=(16)
cfn=(44)
calls=3 -27 
* 88
+2 3
-2 3
+5 6
-1 3
+1 9
+3 3
-3 3
+3 3
+6 3
+3 3
-7 3
+4 3
+3 3
-45 5
+47 2
-2 2
+2 30
-2 30
+18 3
-6 3
+1 3
-1 3
+6 18
+2 2
+3 2
-3 8
+3 2
+4 6
+4 6
+8 1
+6 1
-3 2
+3 4
-3 4
+3 4
+2 4
cfi=(9)
cfn=(18)
calls=2 29 
* 144
* 2
+4 2
-4 2
+4 2
+64 2
+4 27
-88 6
-39 6
+26 2
-2 1
+7 4
+8 3
+24 4
cfi=(15)
cfn=(38)
calls=2 -66 
* 58
+1 2
-1 2
+1 6
+45 6
cfi=(22)
cfn=(66)
calls=2 62 
* 71
* 2
+5 40
+1 40
-1 40
+1 42
-1 2
+1 2
+2 4
+3 4

fn=(46)
34 12
+2 3
-2 3
+2 3
cfi=(2)
cfn=(48)
calls=3 844 
* 6
+2 22
+3 18
+2 2
+2 2
+4 2
+4 2
-4 4
+1 4
+1 4
+2 2
+1 6
-1 2
cfi=(2)
cfn=(50)
calls=2 850 
* 4
-4 1
+4 1
-4 2
+1 2
+1 2
+2 1
+1 3
-1 1
cfi=(2)
cfn=(50)
calls=1 850 
* 2
-5 2

fl=(49)
fn=(224)
27 130
+7 13
-7 13
+20 13
-13 52
+7 26
+1 23
-8 46
+2 87
+2 87
-2 87
+1 348
+1 174
cfi=(47)
cfn=(226)
calls=87 152 
* 603
+1 174
+1 61
-6 122
+13 10
+1 117

fl=(2)
fn=(22)
896 1
+19 1
-19 3
+27 1
-27 2
+22 1
-22 3
+32 1
-32 3
+32 1
-6 1
+9 1
-16 1
+3 1
+5 1
-1 1
+9 1
cfn=(24) process_envvars
calls=1 2560 
* 665
+7 3
1125 7
cfi=(13)
cfn=(30)
calls=1 63 
* 242
+2 1
-2 1
+2 1
+1 1
+1 1
+5 1
-4 1
+4 1
-4 1
+4 1
cfi=(13)
cfn=(46)
calls=1 34 
* 34
+1 4
905 1
1164 2
-3 1
-5 1
+1 1
+7 1
-5 1
+5 3
+56 2
902 1
1220 2
-55 24
-1 27
+1 47
-1 2
1267 3
+3 2
+2 2
+2 2
+13 3
+1 7
cfi=(17)
cfn=(52)
calls=1 135 
* 7
* 2
+17 2
fi=(3)
106 1
+9 2
+6 1
-2 1
+2 4
+7 1
+5 1
+3 1
-7 14
+10 3
fe=(2)
892 6
fi=(3)
121 9
+8 15
+10 15
fe=(2)
892 30
fi=(3)
121 45
+18 1
fe=(2)
892 2
fi=(3)
121 3
+2 38
+5 16
+2 4
fe=(2)
1260 2
+1 2
+1 1
-6 2
+1 1
-88 3
+1 1
+50 6
-1 2
+2 4
+1 1
+3 2
+1 2
-1 2
+1 2
+1 2
+1 6
+1 2
-45 2
+2 1
+7 1
+18 1
-25 1
-3 1
+10 1
-19 3
+1 1
fi=(3)
146 3
+38 3
+5 2
+7 2
+1 3
+16 3
+14 3
+7 2
fe=(2)
1310 2
cfi=(6)
cfn=(10)
calls=1 861 
* 27
+3 2
+20 2
+94 6
+5 2
cfi=(20)
cfn=(60)
calls=1 712 
* 2428
+3 3
cfi=(25)
cfn=(76)
calls=1 52 
* 18
+7 1
-7 1
+2 1
+5 1
+4 1
+1 1
+2 1
-1 1
-2 3
+1 1
+3 1
+5 2
+5 1
+2 2
+2 1
892 2
1463 1
892 1
1464 1
892 1
1468 1
+1 2
+1 2
-1 1
+1 2
+2 2
+1 2
+5 2
+5 3
911 1
1664 3
+3 2
+4 3
+5 2
+1 1
cfi=(25)
cfn=(78)
calls=1 77 
* 1
+4 3
+15 3
+4 3
+31 3
cfi=(21)
cfn=(64)
calls=1 82 
* 11
* 2
+77 4
+17 3
+1 1
-1 1
+1 2
-1 1
+1 4
cfi=(31)
cfn=(114)
calls=1 149 
* 7826
+1 1
+5 1
-5 3
+2 2
+3 4
+1 4
-1 2
+1 12
-1 6
+4 3
+1 3
+1 1
+2 2
+1 2
-1 1
+1 9
-1 6
+47 2
+2 2
-2 2
+1 2
-1 1
+2 1
-1 2
+1 1
cfi=(26)
cfn=(130) _dl_receive_error
calls=1 198 
* 2997
+10 1
+1 1
-1 1
+1 1
+3 2
+3 1
cfn=(146) security_init
calls=1 857 
* 22
+2 3
2136 3
+56 1
+11 1
-11 1
+4 4
+4 2
+3 1
+8 2
1295 1
+3 1
-5 1
+3 1
+2 1
+1 2
+4 2
-57 3
2292 4
+2 1
+6 1
-6 1
+6 1
+9 4
+1 1
+5 2
cfi=(34)
cfn=(182)
calls=1 377 
* 137
+4 2
+14 3
+2 4
+15 1
+2 1
-2 1
+3 2
-3 2
+3 2
-3 1
+3 1
cfi=(37)
cfn=(150)
calls=1 154 
* 5630
+1 4
+2 2
+8 1
cfi=(7)
cfn=(184)
calls=1 252 
* 1
+4 3
+20 3
cfi=(25)
cfn=(76)
calls=1 52 
* 9
+1 1
+1 1
cfi=(25)
cfn=(78)
calls=1 77 
* 1
+4 1
cfi=(33)
cfn=(186)
calls=1 309 
* 15
+5 8
fi=(3)
133 4
fe=(2)
2257 3
+7 1
-7 1
+9 5
+1 5
+1 10
+2 4
-2 4
+2 8
+5 8
+2 8
+7 4
-2 4
+2 8
+1 24
cfi=(37)
cfn=(150)
calls=3 154 
* 67473
+4 10
+1 2
cfi=(34)
cfn=(180)
calls=1 817 
* 21
* 1
1841 2
+13 1
-1 1
+1 1
-1 1
+1 1
+2 1
+2 3
+2 1
-4 1
+5 1
-1 2
+14 2
+1 2
+1 3
-25 2
fi=(3)
136 4
+1 1
+1 3
fe=(2)
1329 2
+98 1
cfi=(18)
cfn=(56)
calls=1 67 
* 89
* 2
+29 4
-11 4
2138 1
904 2
729 1
-4 2
+4 2
cfn=(140) init_tls.part.3
calls=1 -7 
* 593
* 2
1707 2
cfi=(9)
cfn=(18)
calls=1 29 
* 91
* 8
cfi=(16)
cfn=(44)
calls=1 62 
* 65
* 1
+3 5
-12 1
+12 2
+3 3
cfi=(15)
cfn=(74)
calls=1 320 
* 768
* 3
cfi=(15)
cfn=(74)
calls=1 320 
* 8
* 6
+1 2
+1 3
+2 4
cfn=(80) do_preload
calls=1 810 
* 2459
* 2
+2 1
+1 2
-1 3
+2 3
+91 5
+1 1
-1 3
+4 3
+1 1
+1 2
+1 2
2279 1
+1 1
-3 2

fn=(50)
850 4
+1 4

fn=(132) version_check_doit
663 2
+2 4
cfi=(35) /build/buildd/eglibc-2.15/elf/dl-version.c
cfn=(134) _dl_check_all_versions
calls=1 387 
* 2957
* 2
+4 2

fn=(140)
722 1
+13 1
+4 4
cfi=(15)
cfn=(34)
calls=1 111 
* 38
+11 1
-15 1
+3 1
+8 1
-11 1
+15 1
+2 1
-1 2
+3 8
+4 1
+2 1
-2 3
-5 1
-1 2
+1 3
-1 8
+10 3
+3 1
cfi=(34)
cfn=(142)
calls=1 113 
* 73
+7 1
cfi=(34)
cfn=(144)
calls=1 329 
* 419
+1 1
-1 1
+1 1
+6 1
+8 1
-8 1
+8 6
+7 1
-3 1
+3 2

fn=(146)
857 2
+2 1
fi=(36) /build/buildd/eglibc-2.15/elf/../sysdeps/unix/sysv/linux/dl-osinfo.h
74 2
+23 1
+2 2
fe=(2)
861 1
+6 3
+2 1
fi=(36)
114 2
+11 1
fe=(2)
872 1
+2 1
+6 1
+1 3

fn=(2)
368 9
+18 4
fi=(4)
76 2
fe=(2)
386 1
+29 2
-3 1
fi=(3)
121 1
fe=(2)
415 1
fi=(3)
121 2
+7 1
+5 1
+3 1
+2 1
-9 1
fe=(2)
367 2
fi=(3)
124 30
+15 15
-18 45
+18 1
-18 3
+2 40
+5 20
+1 16
+10 4
-18 13
+25 2
+20 4
+1 4
+1 4
+1 4
+2 4
+5 4
+1 4
+1 4
+6 3
+5 2
+7 3
+1 3
+8 3
+2 3
+3 2
+1 2
fe=(2)
543 3
+7 1
291 67
+12 2
cfi=(6)
cfn=(10)
calls=1 861 
* 27
+1 1
+1 1
-1 1
+1 1
+1 1
+1 1
-1 1
+1 1
+21 1
+10 1
-10 3
+10 1
-6 1
-4 1
+10 1
cfi=(7)
cfn=(12)
calls=1 89 
* 93113
* 1
+9 4
+3 1
+4 1
-4 1
+4 1
575 9
fi=(3)
130 4
+3 4
fe=(2)
548 24
fi=(5)
93 1
-1 1
+3 2
+25 2
fi=(4)
460 1
fi=(5)
121 1
fi=(4)
460 1
fi=(5)
121 1
fe=(2)
367 2
fi=(5)
121 26
fi=(4)
460 26
+1 28
fi=(5)
120 28
fi=(4)
461 14
fi=(5)
120 14
+5 2
+8 1
fi=(4)
304 1
fi=(5)
133 2
+13 1
+2 1
fi=(4)
286 3
fi=(5)
146 7
+2 7
fi=(4)
286 21
fi=(5)
146 24
fi=(4)
295 24
+3 8
-3 16
+3 24
+6 8
fi=(5)
148 8
fi=(4)
304 40
fi=(3)
136 4
+1 1
+1 3
fi=(4)
382 8
fi=(5)
133 16
fi=(4)
382 8
fi=(5)
133 9
fe=(2)
291 2

fn=(80)
810 1
+12 1
-12 5
+10 1
-4 1
+1 1
+5 4
-10 1
+6 1
+4 1
cfi=(26)
cfn=(82)
calls=1 160 
* 2432
+1 2
+10 3
+4 5

fn=(84) _dl_initial_error_catch_tsd
804 8

fn=(88) map_doit
631 2
+2 7
cfi=(20)
cfn=(90)
calls=1 2276 
* 2363
* 1
+2 2

fn=(24)
2560 1
+8 1
-8 7
+23 1
-23 1
+1 1
+7 1
-7 1
+7 3
-4 1
-1 1
+5 2
+2 2
cfi=(11)
cfn=(26)
calls=1 31 
* 42
* 4
cfi=(11)
cfn=(26)
calls=2 31 
* 214
* 9
+4 46
+1 19
-1 57
+3 4
+6 12
2736 1
-4 1
+4 2
+33 2
+22 8
2659 4
cfi=(12)
cfn=(28)
calls=1 322 
* 105
* 2
-53 4
cfi=(12)
cfn=(28)
calls=1 322 
* 22
* 2
+7 4
cfi=(12)
cfn=(28)
calls=1 322 
* 70
* 2
+2 2
+1 1
+45 2
+1 1

fn=(48)
844 4
+1 4

fl=(19)
fn=(58)
82 4
+1 1

fl=(35)
fn=(136) _dl_check_map_versions
180 36
+15 4
-15 8
+15 8
+2 4
+3 4
-3 4
+2 4
+1 4
+2 4
-3 4
+3 4
+3 6
+4 2
-4 2
+4 10
+17 2
62 2
226 4
62 16
+1 5
-1 10
+2 21
cfi=(28)
cfn=(92)
calls=7 305 
* 517
* 14
230 4
+4 6
+5 8
+20 4
-16 80
cfn=(138) match_symbol
calls=4 82 
* 692
* 6
cfn=(138)
calls=2 82 
* 312
* 6
+8 12
-8 12
+11 18
+9 8
-74 2
-8 2
+96 8
+3 8
+10 23
-7 46
-3 46
+6 69
-3 4
-3 4
+6 6
+8 8
+87 36
-81 12
cfi=(15)
cfn=(34)
calls=3 111 
* 137
+1 3
-2 3
+2 3
+11 3
+2 3
-5 3
+3 6
+2 3
+3 8
+4 6
+18 4
-15 12
+2 12
-2 6
+2 6
+2 6
+1 6
-1 18
+1 6
+1 6
-2 6
+2 12
+1 18
+3 18
+8 6
+10 6
+3 10
+20 23
-14 23
-2 23
+2 25
-2 2
+2 2
+4 23
+2 23
-1 46
+1 23
-1 69
+1 23
+1 23
+3 77

fn=(138)
82 60
+9 6
-8 6
-1 18
+1 6
+8 6
+6 18
+15 6
+1 12
+2 6
+5 12
+14 72
+12 90
+4 30
-30 60
+16 6
+3 30
cfi=(17)
cfn=(52)
calls=6 -4 
* 488
* 18
+3 6
+32 48

fn=(134)
387 5
+2 1
-2 2
+4 4
+1 12
+1 16
cfn=(136)
calls=4 180 
* 2882
-2 4
+1 16
-1 8
+5 7

fl=(23)
fn=(68)
82 45
+1 9

fn=(106)
82 24
+1 6

fn=(188)
82 4
+1 1

fl=(29)
fn=(104)
37 3
-1 3
+1 3
+1 18
+4 3

fl=(26)
fn=(130)
198 10
+1 1
cfi=(2)
cfn=(84)
calls=1 804 
* 2
+5 1
-1 1
-4 1
+9 1
+2 1
-3 1
+3 1
cfi=(2)
cfn=(132)
calls=1 663 
* 2967
+2 1
+1 1
+1 8

fn=(82)
160 21
+9 3
+2 3
cfi=(2)
cfn=(84)
calls=3 804 
* 6
* 3
+1 3
+2 6
-2 3
+2 3
cfi=(27)
cfn=(86)
calls=3 26 
* 57
+1 3
-1 3
+1 3
+2 6
+1 3
-1 3
+1 3
cfi=(31)
cfn=(116)
calls=2 62 
* 6367
cfi=(2)
cfn=(88)
calls=1 631 
* 2375
+1 9
+2 3
-1 6
+1 3
+1 6
+10 12

fl=(48)
fn=(218)
53 1
-8 1
+8 1
+3 1
-3 1
+3 5
+91 2
+12 1
+1 1
+2 1
+1 2
-98 1
-33 2
+6 1
-6 2
+6 1
+1 1
+30 1
-30 1
+30 1
-37 1
+6 1
+27 1
-26 1
+26 1
+4 1
+1 1
-38 2
+33 1
+5 1
+5 1
+2 1
-2 1
+3 1
+1 2
+33 1
-54 1
+54 1
+4 1
-37 8

totals: 196928
